	k=2	k=389	k=777	k=1165	k=1552	k=1940	k=2328	k=2715	k=3103	k=3491
0	0.760989010989011	0.9844322344322345	0.9826007326007326	0.9835164835164835	0.98992673992674	0.9853479853479854	0.989010989010989	0.9917582417582418	0.98992673992674	0.9917582417582418
1	0.7573260073260073	0.9871794871794872	0.9844322344322345	0.9798534798534798	0.9826007326007326	0.9871794871794872	0.9926739926739927	0.989010989010989	0.9826007326007326	0.9844322344322345
2	0.7756410256410257	0.9835164835164835	0.989010989010989	0.9917582417582418	0.9908424908424909	0.9844322344322345	0.9871794871794872	0.9853479853479854	0.9844322344322345	0.9835164835164835
3	0.7646520146520146	0.9844322344322345	0.9880952380952381	0.98992673992674	0.989010989010989	0.989010989010989	0.9908424908424909	0.9871794871794872	0.9853479853479854	0.989010989010989
4	0.7811355311355311	0.98992673992674	0.9853479853479854	0.9853479853479854	0.9807692307692307	0.989010989010989	0.9826007326007326	0.9880952380952381	0.9871794871794872	0.989010989010989
5	0.7664835164835165	0.9871794871794872	0.9945054945054945	0.98992673992674	0.9844322344322345	0.9871794871794872	0.9862637362637363	0.98992673992674	0.9871794871794872	0.9871794871794872
6	0.7655677655677655	0.9853479853479854	0.9807692307692307	0.9880952380952381	0.9871794871794872	0.9917582417582418	0.9862637362637363	0.9826007326007326	0.9871794871794872	0.9926739926739927
7	0.760989010989011	0.9835164835164835	0.9835164835164835	0.9871794871794872	0.9807692307692307	0.9862637362637363	0.9844322344322345	0.9880952380952381	0.9816849816849816	0.9835164835164835
8	0.7683150183150184	0.9826007326007326	0.9798534798534798	0.9880952380952381	0.98992673992674	0.9807692307692307	0.989010989010989	0.9880952380952381	0.9844322344322345	0.9835164835164835
9	0.7628205128205128	0.9844322344322345	0.9880952380952381	0.9871794871794872	0.9926739926739927	0.9835164835164835	0.9871794871794872	0.9880952380952381	0.9880952380952381	0.9880952380952381
10	0.7527472527472527	0.9835164835164835	0.9862637362637363	0.9871794871794872	0.9908424908424909	0.98992673992674	0.9871794871794872	0.9880952380952381	0.989010989010989	0.9880952380952381
11	0.7710622710622711	0.9871794871794872	0.9880952380952381	0.9862637362637363	0.9798534798534798	0.9871794871794872	0.9816849816849816	0.9853479853479854	0.989010989010989	0.9844322344322345
12	0.7463369963369964	0.9807692307692307	0.9954212454212454	0.9853479853479854	0.9871794871794872	0.9908424908424909	0.9816849816849816	0.989010989010989	0.9862637362637363	0.98992673992674
13	0.7783882783882784	0.9807692307692307	0.9826007326007326	0.9917582417582418	0.9908424908424909	0.98992673992674	0.9853479853479854	0.9871794871794872	0.9862637362637363	0.989010989010989
14	0.739010989010989	0.98992673992674	0.9844322344322345	0.9871794871794872	0.9789377289377289	0.9835164835164835	0.9835164835164835	0.9871794871794872	0.9880952380952381	0.9926739926739927
15	0.771978021978022	0.9844322344322345	0.9816849816849816	0.9908424908424909	0.9844322344322345	0.9862637362637363	0.9826007326007326	0.9835164835164835	0.989010989010989	0.9835164835164835
16	0.7545787545787546	0.9862637362637363	0.9844322344322345	0.9908424908424909	0.9844322344322345	0.9871794871794872	0.989010989010989	0.9807692307692307	0.9926739926739927	0.9835164835164835
17	0.7728937728937729	0.9853479853479854	0.9862637362637363	0.9871794871794872	0.9862637362637363	0.9862637362637363	0.9862637362637363	0.9862637362637363	0.9844322344322345	0.9908424908424909
18	0.7738095238095238	0.9880952380952381	0.9871794871794872	0.9862637362637363	0.9862637362637363	0.9862637362637363	0.9935897435897436	0.98992673992674	0.9917582417582418	0.989010989010989
19	0.7701465201465202	0.978021978021978	0.9908424908424909	0.9826007326007326	0.98992673992674	0.9908424908424909	0.9835164835164835	0.9826007326007326	0.989010989010989	0.98992673992674
20	0.7939560439560439	0.9871794871794872	0.9871794871794872	0.9908424908424909	0.9880952380952381	0.9862637362637363	0.9853479853479854	0.9853479853479854	0.98992673992674	0.9844322344322345
21	0.7673992673992674	0.978021978021978	0.9844322344322345	0.9871794871794872	0.9844322344322345	0.9826007326007326	0.9880952380952381	0.9835164835164835	0.9862637362637363	0.9853479853479854
22	0.7353479853479854	0.9826007326007326	0.9880952380952381	0.98992673992674	0.9908424908424909	0.989010989010989	0.98992673992674	0.9880952380952381	0.9862637362637363	0.98992673992674
23	0.7637362637362637	0.9789377289377289	0.9844322344322345	0.9880952380952381	0.9826007326007326	0.9853479853479854	0.98992673992674	0.9853479853479854	0.9807692307692307	0.9798534798534798
24	0.7939560439560439	0.9844322344322345	0.9826007326007326	0.9880952380952381	0.989010989010989	0.9862637362637363	0.989010989010989	0.989010989010989	0.9826007326007326	0.9853479853479854
25	0.771978021978022	0.9880952380952381	0.9880952380952381	0.9862637362637363	0.9862637362637363	0.9880952380952381	0.9853479853479854	0.9844322344322345	0.9917582417582418	0.989010989010989
26	0.7582417582417582	0.9789377289377289	0.9862637362637363	0.98992673992674	0.9798534798534798	0.9880952380952381	0.9926739926739927	0.9908424908424909	0.9853479853479854	0.9908424908424909
27	0.7527472527472527	0.9752747252747253	0.9853479853479854	0.9935897435897436	0.9862637362637363	0.9880952380952381	0.9880952380952381	0.9862637362637363	0.989010989010989	0.989010989010989
28	0.7774725274725275	0.9807692307692307	0.9816849816849816	0.98992673992674	0.9917582417582418	0.9871794871794872	0.98992673992674	0.9853479853479854	0.9871794871794872	0.9871794871794872
29	0.7454212454212454	0.9871794871794872	0.9844322344322345	0.989010989010989	0.989010989010989	0.9844322344322345	0.989010989010989	0.9862637362637363	0.989010989010989	0.9826007326007326
30	0.7902930402930403	0.9798534798534798	0.9917582417582418	0.9862637362637363	0.9844322344322345	0.9826007326007326	0.9871794871794872	0.989010989010989	0.9880952380952381	0.9835164835164835
31	0.760989010989011	0.9752747252747253	0.9853479853479854	0.9880952380952381	0.98992673992674	0.9871794871794872	0.9871794871794872	0.9926739926739927	0.9908424908424909	0.9880952380952381
32	0.760989010989011	0.9926739926739927	0.9908424908424909	0.9853479853479854	0.9908424908424909	0.9853479853479854	0.9871794871794872	0.9908424908424909	0.9826007326007326	0.9871794871794872
33	0.7728937728937729	0.9853479853479854	0.9798534798534798	0.9871794871794872	0.9862637362637363	0.9853479853479854	0.9880952380952381	0.9862637362637363	0.9926739926739927	0.9908424908424909
34	0.7637362637362637	0.978021978021978	0.9908424908424909	0.9807692307692307	0.9871794871794872	0.9926739926739927	0.9871794871794872	0.9844322344322345	0.9862637362637363	0.9826007326007326
35	0.760989010989011	0.9862637362637363	0.9826007326007326	0.9816849816849816	0.9871794871794872	0.9880952380952381	0.9816849816849816	0.9880952380952381	0.989010989010989	0.9816849816849816
36	0.7701465201465202	0.9835164835164835	0.9826007326007326	0.9908424908424909	0.9844322344322345	0.9761904761904762	0.989010989010989	0.9826007326007326	0.98992673992674	0.98992673992674
37	0.7564102564102564	0.98992673992674	0.9880952380952381	0.9835164835164835	0.989010989010989	0.9908424908424909	0.9862637362637363	0.9880952380952381	0.9844322344322345	0.9816849816849816
38	0.782967032967033	0.9871794871794872	0.98992673992674	0.9862637362637363	0.98992673992674	0.9880952380952381	0.9880952380952381	0.9853479853479854	0.9871794871794872	0.9880952380952381
39	0.7728937728937729	0.9844322344322345	0.9880952380952381	0.9862637362637363	0.9826007326007326	0.98992673992674	0.98992673992674	0.9871794871794872	0.989010989010989	0.9945054945054945
40	0.7582417582417582	0.9871794871794872	0.9871794871794872	0.9871794871794872	0.9908424908424909	0.989010989010989	0.98992673992674	0.9871794871794872	0.9926739926739927	0.9908424908424909
41	0.7683150183150184	0.978021978021978	0.9844322344322345	0.9835164835164835	0.98992673992674	0.9807692307692307	0.9871794871794872	0.9871794871794872	0.9880952380952381	0.9908424908424909
42	0.7545787545787546	0.9789377289377289	0.9880952380952381	0.989010989010989	0.989010989010989	0.9862637362637363	0.9871794871794872	0.9816849816849816	0.9862637362637363	0.989010989010989
43	0.7554945054945055	0.9844322344322345	0.9862637362637363	0.9871794871794872	0.9798534798534798	0.9835164835164835	0.9862637362637363	0.9853479853479854	0.9844322344322345	0.9853479853479854
44	0.782967032967033	0.9752747252747253	0.9862637362637363	0.9871794871794872	0.98992673992674	0.9880952380952381	0.9871794871794872	0.9835164835164835	0.9853479853479854	0.9862637362637363
45	0.7793040293040293	0.9807692307692307	0.9826007326007326	0.9862637362637363	0.9862637362637363	0.989010989010989	0.9880952380952381	0.9880952380952381	0.9862637362637363	0.9908424908424909
46	0.7527472527472527	0.9816849816849816	0.9798534798534798	0.9844322344322345	0.9853479853479854	0.9835164835164835	0.9807692307692307	0.9853479853479854	0.9816849816849816	0.9871794871794872
47	0.7701465201465202	0.9807692307692307	0.9880952380952381	0.9880952380952381	0.9908424908424909	0.9853479853479854	0.9798534798534798	0.98992673992674	0.9853479853479854	0.9880952380952381
48	0.7866300366300366	0.9844322344322345	0.9871794871794872	0.9862637362637363	0.9880952380952381	0.9954212454212454	0.9844322344322345	0.9853479853479854	0.9908424908424909	0.9862637362637363
49	0.7728937728937729	0.9816849816849816	0.9862637362637363	0.9862637362637363	0.9926739926739927	0.9844322344322345	0.9826007326007326	0.9826007326007326	0.9917582417582418	0.9761904761904762
50	0.7884615384615384	0.9908424908424909	0.9826007326007326	0.9908424908424909	0.9844322344322345	0.9871794871794872	0.98992673992674	0.9862637362637363	0.9844322344322345	0.98992673992674
51	0.7655677655677655	0.9716117216117216	0.9862637362637363	0.9880952380952381	0.9844322344322345	0.9880952380952381	0.9816849816849816	0.9880952380952381	0.9880952380952381	0.9862637362637363
52	0.7765567765567766	0.9871794871794872	0.9844322344322345	0.98992673992674	0.9871794871794872	0.9871794871794872	0.9871794871794872	0.9853479853479854	0.9835164835164835	0.9926739926739927
53	0.7481684981684982	0.9853479853479854	0.9862637362637363	0.9908424908424909	0.9880952380952381	0.9917582417582418	0.9871794871794872	0.98992673992674	0.9871794871794872	0.98992673992674
54	0.7756410256410257	0.9835164835164835	0.9835164835164835	0.9862637362637363	0.9880952380952381	0.9771062271062271	0.9871794871794872	0.98992673992674	0.989010989010989	0.9853479853479854
55	0.7628205128205128	0.989010989010989	0.989010989010989	0.9844322344322345	0.98992673992674	0.9908424908424909	0.9844322344322345	0.9908424908424909	0.9835164835164835	0.9917582417582418
56	0.7509157509157509	0.9835164835164835	0.98992673992674	0.9917582417582418	0.9844322344322345	0.9862637362637363	0.98992673992674	0.9826007326007326	0.9853479853479854	0.9835164835164835
57	0.7664835164835165	0.9844322344322345	0.9862637362637363	0.9853479853479854	0.9862637362637363	0.98992673992674	0.9862637362637363	0.9844322344322345	0.9880952380952381	0.9844322344322345
58	0.7710622710622711	0.9880952380952381	0.9880952380952381	0.9917582417582418	0.9880952380952381	0.9853479853479854	0.9853479853479854	0.989010989010989	0.9835164835164835	0.9880952380952381
59	0.7582417582417582	0.9935897435897436	0.9917582417582418	0.9880952380952381	0.9844322344322345	0.9871794871794872	0.9798534798534798	0.98992673992674	0.9908424908424909	0.9871794871794872
60	0.7838827838827839	0.9816849816849816	0.9853479853479854	0.9826007326007326	0.989010989010989	0.98992673992674	0.9816849816849816	0.98992673992674	0.9917582417582418	0.9816849816849816
61	0.7518315018315018	0.9816849816849816	0.9853479853479854	0.9853479853479854	0.9871794871794872	0.9826007326007326	0.9798534798534798	0.9853479853479854	0.9862637362637363	0.98992673992674
62	0.7655677655677655	0.9835164835164835	0.989010989010989	0.9908424908424909	0.9917582417582418	0.9853479853479854	0.9871794871794872	0.989010989010989	0.98992673992674	0.9880952380952381
63	0.7692307692307693	0.9844322344322345	0.9917582417582418	0.9844322344322345	0.9880952380952381	0.9880952380952381	0.9862637362637363	0.9926739926739927	0.989010989010989	0.9826007326007326
64	0.7793040293040293	0.9835164835164835	0.9871794871794872	0.9853479853479854	0.98992673992674	0.9807692307692307	0.9917582417582418	0.9917582417582418	0.98992673992674	0.9853479853479854
65	0.7738095238095238	0.9789377289377289	0.9862637362637363	0.9844322344322345	0.9908424908424909	0.9908424908424909	0.9862637362637363	0.9853479853479854	0.9826007326007326	0.9871794871794872
66	0.7857142857142857	0.9771062271062271	0.9844322344322345	0.9862637362637363	0.9844322344322345	0.9835164835164835	0.9853479853479854	0.9871794871794872	0.98992673992674	0.9844322344322345
67	0.7738095238095238	0.9844322344322345	0.9853479853479854	0.989010989010989	0.9871794871794872	0.98992673992674	0.9880952380952381	0.9880952380952381	0.9880952380952381	0.9835164835164835
68	0.7564102564102564	0.9880952380952381	0.9926739926739927	0.9880952380952381	0.9908424908424909	0.9826007326007326	0.9917582417582418	0.9935897435897436	0.9908424908424909	0.9917582417582418
69	0.7774725274725275	0.9835164835164835	0.9807692307692307	0.9844322344322345	0.989010989010989	0.989010989010989	0.9853479853479854	0.989010989010989	0.9880952380952381	0.989010989010989
70	0.7802197802197802	0.9789377289377289	0.9844322344322345	0.9954212454212454	0.9880952380952381	0.9871794871794872	0.9826007326007326	0.9917582417582418	0.9789377289377289	0.989010989010989
71	0.7554945054945055	0.9908424908424909	0.9835164835164835	0.9871794871794872	0.9844322344322345	0.989010989010989	0.9862637362637363	0.9862637362637363	0.98992673992674	0.9908424908424909
72	0.7793040293040293	0.9835164835164835	0.978021978021978	0.9871794871794872	0.9880952380952381	0.9926739926739927	0.9908424908424909	0.9798534798534798	0.9862637362637363	0.9798534798534798
73	0.7692307692307693	0.9835164835164835	0.9862637362637363	0.9871794871794872	0.9862637362637363	0.989010989010989	0.989010989010989	0.9826007326007326	0.9853479853479854	0.9826007326007326
74	0.7664835164835165	0.9816849816849816	0.9826007326007326	0.9862637362637363	0.9908424908424909	0.9853479853479854	0.98992673992674	0.98992673992674	0.9880952380952381	0.989010989010989
75	0.7646520146520146	0.9816849816849816	0.9880952380952381	0.9853479853479854	0.9880952380952381	0.98992673992674	0.989010989010989	0.9789377289377289	0.9880952380952381	0.98992673992674
76	0.7838827838827839	0.9798534798534798	0.9835164835164835	0.9789377289377289	0.9917582417582418	0.9844322344322345	0.989010989010989	0.9807692307692307	0.9862637362637363	0.98992673992674
77	0.7582417582417582	0.9826007326007326	0.989010989010989	0.9880952380952381	0.9871794871794872	0.989010989010989	0.9880952380952381	0.9908424908424909	0.9862637362637363	0.9835164835164835
78	0.7884615384615384	0.9807692307692307	0.9835164835164835	0.9844322344322345	0.989010989010989	0.9880952380952381	0.989010989010989	0.9853479853479854	0.9862637362637363	0.9844322344322345
79	0.782967032967033	0.9771062271062271	0.98992673992674	0.9853479853479854	0.9844322344322345	0.9880952380952381	0.9871794871794872	0.9826007326007326	0.9871794871794872	0.98992673992674
80	0.7582417582417582	0.9926739926739927	0.98992673992674	0.9862637362637363	0.9917582417582418	0.9880952380952381	0.9835164835164835	0.9862637362637363	0.9862637362637363	0.98992673992674
81	0.7673992673992674	0.9816849816849816	0.9844322344322345	0.9908424908424909	0.9880952380952381	0.978021978021978	0.9835164835164835	0.9835164835164835	0.9844322344322345	0.9917582417582418
82	0.782051282051282	0.989010989010989	0.9880952380952381	0.989010989010989	0.9816849816849816	0.9853479853479854	0.9853479853479854	0.9862637362637363	0.9880952380952381	0.9844322344322345
83	0.7847985347985348	0.9871794871794872	0.9835164835164835	0.9908424908424909	0.98992673992674	0.989010989010989	0.9917582417582418	0.9963369963369964	0.9826007326007326	0.9917582417582418
84	0.7692307692307693	0.9835164835164835	0.989010989010989	0.9880952380952381	0.9816849816849816	0.9853479853479854	0.9871794871794872	0.9917582417582418	0.9862637362637363	0.9871794871794872
85	0.7765567765567766	0.978021978021978	0.989010989010989	0.9853479853479854	0.989010989010989	0.9853479853479854	0.9844322344322345	0.9862637362637363	0.989010989010989	0.9880952380952381
86	0.7426739926739927	0.9880952380952381	0.9871794871794872	0.9880952380952381	0.9835164835164835	0.9844322344322345	0.98992673992674	0.9826007326007326	0.9862637362637363	0.98992673992674
87	0.7783882783882784	0.9871794871794872	0.9798534798534798	0.9862637362637363	0.9798534798534798	0.9807692307692307	0.9844322344322345	0.9853479853479854	0.9880952380952381	0.9917582417582418
88	0.7673992673992674	0.9789377289377289	0.9880952380952381	0.9871794871794872	0.9908424908424909	0.9853479853479854	0.9871794871794872	0.98992673992674	0.989010989010989	0.9853479853479854
89	0.7765567765567766	0.9807692307692307	0.9926739926739927	0.9826007326007326	0.9880952380952381	0.9862637362637363	0.9862637362637363	0.9880952380952381	0.98992673992674	0.9908424908424909
90	0.7756410256410257	0.9862637362637363	0.9862637362637363	0.9908424908424909	0.9917582417582418	0.9917582417582418	0.98992673992674	0.9880952380952381	0.9862637362637363	0.9853479853479854
91	0.7518315018315018	0.98992673992674	0.9789377289377289	0.989010989010989	0.989010989010989	0.9908424908424909	0.9871794871794872	0.9844322344322345	0.9853479853479854	0.9835164835164835
92	0.7948717948717948	0.9826007326007326	0.98992673992674	0.9871794871794872	0.98992673992674	0.9844322344322345	0.9862637362637363	0.9862637362637363	0.9871794871794872	0.9844322344322345
93	0.7747252747252747	0.989010989010989	0.9853479853479854	0.9853479853479854	0.989010989010989	0.9871794871794872	0.98992673992674	0.9926739926739927	0.9871794871794872	0.9853479853479854
94	0.7811355311355311	0.9862637362637363	0.9816849816849816	0.9935897435897436	0.989010989010989	0.9880952380952381	0.9862637362637363	0.9826007326007326	0.9871794871794872	0.9908424908424909
95	0.760989010989011	0.9871794871794872	0.9816849816849816	0.9880952380952381	0.9826007326007326	0.9862637362637363	0.9798534798534798	0.9844322344322345	0.9862637362637363	0.9917582417582418
96	0.7591575091575091	0.9816849816849816	0.9816849816849816	0.9908424908424909	0.989010989010989	0.9935897435897436	0.9853479853479854	0.9835164835164835	0.9908424908424909	0.9862637362637363
97	0.7728937728937729	0.9844322344322345	0.9871794871794872	0.989010989010989	0.9871794871794872	0.9871794871794872	0.9917582417582418	0.9816849816849816	0.9871794871794872	0.9871794871794872
98	0.7692307692307693	0.9789377289377289	0.9835164835164835	0.9908424908424909	0.9835164835164835	0.9835164835164835	0.9835164835164835	0.9871794871794872	0.9844322344322345	0.9862637362637363
99	0.7710622710622711	0.9844322344322345	0.9862637362637363	0.9798534798534798	0.9908424908424909	0.9853479853479854	0.9844322344322345	0.9826007326007326	0.989010989010989	0.9816849816849816
