	k=2	k=389	k=777	k=1165	k=1552	k=1940	k=2328	k=2715	k=3103	k=3491
0	0.7738095238095238	0.967032967032967	0.9615384615384616	0.9734432234432234	0.9652014652014652	0.9661172161172161	0.9606227106227107	0.9771062271062271	0.9743589743589743	0.9661172161172161
1	0.8076923076923077	0.9615384615384616	0.967948717948718	0.9697802197802198	0.9633699633699634	0.967948717948718	0.9734432234432234	0.967032967032967	0.9706959706959707	0.9652014652014652
2	0.7948717948717948	0.9615384615384616	0.9578754578754579	0.9606227106227107	0.9706959706959707	0.9706959706959707	0.9697802197802198	0.9661172161172161	0.9697802197802198	0.9734432234432234
3	0.7728937728937729	0.9624542124542125	0.9606227106227107	0.9697802197802198	0.9624542124542125	0.9761904761904762	0.9688644688644689	0.9807692307692307	0.9716117216117216	0.9688644688644689
4	0.7902930402930403	0.9706959706959707	0.9652014652014652	0.967032967032967	0.9706959706959707	0.9688644688644689	0.9725274725274725	0.9615384615384616	0.9734432234432234	0.9706959706959707
5	0.7673992673992674	0.9661172161172161	0.967948717948718	0.9523809523809523	0.9615384615384616	0.9706959706959707	0.9688644688644689	0.9743589743589743	0.9743589743589743	0.9835164835164835
6	0.7847985347985348	0.9615384615384616	0.9597069597069597	0.9725274725274725	0.9716117216117216	0.9697802197802198	0.9706959706959707	0.9743589743589743	0.9697802197802198	0.9688644688644689
7	0.7793040293040293	0.9697802197802198	0.9652014652014652	0.967032967032967	0.9633699633699634	0.9642857142857143	0.9706959706959707	0.9706959706959707	0.967948717948718	0.9761904761904762
8	0.7939560439560439	0.9652014652014652	0.9652014652014652	0.9642857142857143	0.9743589743589743	0.9606227106227107	0.967948717948718	0.9725274725274725	0.9807692307692307	0.9697802197802198
9	0.7985347985347986	0.9633699633699634	0.9688644688644689	0.9597069597069597	0.9688644688644689	0.9661172161172161	0.978021978021978	0.9652014652014652	0.9578754578754579	0.967948717948718
10	0.8095238095238095	0.9633699633699634	0.9560439560439561	0.9697802197802198	0.9743589743589743	0.9725274725274725	0.967948717948718	0.978021978021978	0.9697802197802198	0.9761904761904762
11	0.7747252747252747	0.9597069597069597	0.9597069597069597	0.9706959706959707	0.967032967032967	0.9661172161172161	0.9807692307692307	0.9725274725274725	0.9697802197802198	0.9716117216117216
12	0.7857142857142857	0.9615384615384616	0.9587912087912088	0.9578754578754579	0.9661172161172161	0.9697802197802198	0.9752747252747253	0.967032967032967	0.9734432234432234	0.9725274725274725
13	0.7884615384615384	0.9523809523809523	0.9652014652014652	0.967948717948718	0.9587912087912088	0.9615384615384616	0.9661172161172161	0.967032967032967	0.967032967032967	0.9752747252747253
14	0.8058608058608059	0.9633699633699634	0.967032967032967	0.967948717948718	0.967948717948718	0.9743589743589743	0.9752747252747253	0.9688644688644689	0.9761904761904762	0.9725274725274725
15	0.7793040293040293	0.9661172161172161	0.967032967032967	0.9615384615384616	0.967948717948718	0.9725274725274725	0.9716117216117216	0.9716117216117216	0.9725274725274725	0.9697802197802198
16	0.7774725274725275	0.9697802197802198	0.9624542124542125	0.9578754578754579	0.9706959706959707	0.9642857142857143	0.967948717948718	0.9652014652014652	0.9743589743589743	0.9725274725274725
17	0.7728937728937729	0.967032967032967	0.967948717948718	0.9771062271062271	0.9752747252747253	0.967032967032967	0.9798534798534798	0.9761904761904762	0.9835164835164835	0.967032967032967
18	0.7884615384615384	0.9688644688644689	0.9661172161172161	0.9642857142857143	0.9688644688644689	0.9706959706959707	0.9761904761904762	0.967032967032967	0.9743589743589743	0.9661172161172161
19	0.7902930402930403	0.9688644688644689	0.9624542124542125	0.9716117216117216	0.967032967032967	0.9688644688644689	0.9706959706959707	0.9652014652014652	0.9661172161172161	0.967032967032967
20	0.7948717948717948	0.9652014652014652	0.9633699633699634	0.9752747252747253	0.9633699633699634	0.9688644688644689	0.9606227106227107	0.9716117216117216	0.9752747252747253	0.9743589743589743
21	0.826007326007326	0.9615384615384616	0.9743589743589743	0.9606227106227107	0.9606227106227107	0.9807692307692307	0.9789377289377289	0.9560439560439561	0.9807692307692307	0.9706959706959707
22	0.8086080586080586	0.9633699633699634	0.9578754578754579	0.9652014652014652	0.9688644688644689	0.9642857142857143	0.9652014652014652	0.9633699633699634	0.9752747252747253	0.9633699633699634
23	0.8159340659340659	0.9688644688644689	0.9633699633699634	0.9725274725274725	0.9798534798534798	0.9725274725274725	0.9771062271062271	0.967032967032967	0.9807692307692307	0.9706959706959707
24	0.7976190476190477	0.9633699633699634	0.9716117216117216	0.9697802197802198	0.967032967032967	0.9624542124542125	0.9807692307692307	0.967032967032967	0.9716117216117216	0.9761904761904762
25	0.7628205128205128	0.9633699633699634	0.9551282051282052	0.9661172161172161	0.9633699633699634	0.9706959706959707	0.9706959706959707	0.9606227106227107	0.9661172161172161	0.9642857142857143
26	0.7985347985347986	0.9688644688644689	0.9642857142857143	0.9615384615384616	0.9725274725274725	0.9633699633699634	0.9587912087912088	0.9706959706959707	0.978021978021978	0.9725274725274725
27	0.8076923076923077	0.9587912087912088	0.967948717948718	0.9661172161172161	0.9716117216117216	0.9661172161172161	0.9734432234432234	0.9761904761904762	0.9642857142857143	0.9652014652014652
28	0.7847985347985348	0.9551282051282052	0.9725274725274725	0.9624542124542125	0.9697802197802198	0.9725274725274725	0.9597069597069597	0.9706959706959707	0.9661172161172161	0.9734432234432234
29	0.7646520146520146	0.967948717948718	0.9652014652014652	0.9587912087912088	0.9688644688644689	0.9697802197802198	0.9706959706959707	0.9652014652014652	0.9743589743589743	0.9743589743589743
30	0.7866300366300366	0.956959706959707	0.9523809523809523	0.9716117216117216	0.9688644688644689	0.9734432234432234	0.9734432234432234	0.9706959706959707	0.9734432234432234	0.9697802197802198
31	0.8058608058608059	0.9688644688644689	0.9633699633699634	0.9633699633699634	0.9706959706959707	0.9716117216117216	0.967948717948718	0.9716117216117216	0.9743589743589743	0.9752747252747253
32	0.8003663003663004	0.9624542124542125	0.9615384615384616	0.9615384615384616	0.9697802197802198	0.967032967032967	0.967032967032967	0.9661172161172161	0.9706959706959707	0.9716117216117216
33	0.7967032967032966	0.9716117216117216	0.967948717948718	0.9789377289377289	0.9807692307692307	0.9789377289377289	0.9706959706959707	0.967948717948718	0.9706959706959707	0.9725274725274725
34	0.7683150183150184	0.9688644688644689	0.9615384615384616	0.967948717948718	0.9771062271062271	0.9725274725274725	0.9661172161172161	0.967948717948718	0.967032967032967	0.9761904761904762
35	0.7976190476190477	0.9642857142857143	0.9642857142857143	0.9743589743589743	0.967948717948718	0.9652014652014652	0.9697802197802198	0.9743589743589743	0.9743589743589743	0.967948717948718
36	0.8031135531135531	0.9633699633699634	0.9642857142857143	0.9624542124542125	0.9734432234432234	0.9771062271062271	0.9743589743589743	0.9661172161172161	0.9734432234432234	0.9734432234432234
37	0.7902930402930403	0.9642857142857143	0.9661172161172161	0.9716117216117216	0.967948717948718	0.967948717948718	0.9725274725274725	0.967032967032967	0.9725274725274725	0.9688644688644689
38	0.7866300366300366	0.9633699633699634	0.9624542124542125	0.9752747252747253	0.9706959706959707	0.9716117216117216	0.9652014652014652	0.9706959706959707	0.9725274725274725	0.9761904761904762
39	0.7939560439560439	0.9734432234432234	0.9688644688644689	0.9725274725274725	0.9688644688644689	0.9688644688644689	0.9716117216117216	0.9706959706959707	0.9761904761904762	0.9789377289377289
40	0.7866300366300366	0.9624542124542125	0.9578754578754579	0.9597069597069597	0.9706959706959707	0.9633699633699634	0.9706959706959707	0.9624542124542125	0.9752747252747253	0.9716117216117216
41	0.8021978021978022	0.9606227106227107	0.9688644688644689	0.9706959706959707	0.9697802197802198	0.9771062271062271	0.9734432234432234	0.9725274725274725	0.9642857142857143	0.9752747252747253
42	0.7838827838827839	0.9578754578754579	0.9606227106227107	0.9587912087912088	0.967032967032967	0.9716117216117216	0.9706959706959707	0.967948717948718	0.9624542124542125	0.9761904761904762
43	0.793040293040293	0.956959706959707	0.9587912087912088	0.9642857142857143	0.9661172161172161	0.967948717948718	0.9716117216117216	0.9743589743589743	0.9661172161172161	0.9688644688644689
44	0.7802197802197802	0.9661172161172161	0.9532967032967034	0.9597069597069597	0.9743589743589743	0.9652014652014652	0.9716117216117216	0.9716117216117216	0.9706959706959707	0.9688644688644689
45	0.7866300366300366	0.9697802197802198	0.9716117216117216	0.9697802197802198	0.9615384615384616	0.9716117216117216	0.9706959706959707	0.9706959706959707	0.9798534798534798	0.967032967032967
46	0.782051282051282	0.9706959706959707	0.9642857142857143	0.9652014652014652	0.9725274725274725	0.9624542124542125	0.9761904761904762	0.9697802197802198	0.9725274725274725	0.9734432234432234
47	0.7802197802197802	0.9661172161172161	0.9661172161172161	0.967032967032967	0.9652014652014652	0.967948717948718	0.9734432234432234	0.9743589743589743	0.9716117216117216	0.9661172161172161
48	0.8141025641025641	0.9578754578754579	0.9560439560439561	0.9606227106227107	0.967948717948718	0.9661172161172161	0.9652014652014652	0.9725274725274725	0.9688644688644689	0.9743589743589743
49	0.7783882783882784	0.9633699633699634	0.9661172161172161	0.967032967032967	0.9688644688644689	0.9652014652014652	0.9688644688644689	0.9734432234432234	0.9734432234432234	0.9661172161172161
50	0.7774725274725275	0.967032967032967	0.9661172161172161	0.9771062271062271	0.9661172161172161	0.9771062271062271	0.9624542124542125	0.9716117216117216	0.9752747252747253	0.9725274725274725
51	0.7747252747252747	0.9624542124542125	0.9597069597069597	0.9661172161172161	0.9652014652014652	0.9752747252747253	0.9661172161172161	0.9624542124542125	0.9652014652014652	0.9688644688644689
52	0.7967032967032966	0.9725274725274725	0.9560439560439561	0.9615384615384616	0.9652014652014652	0.9752747252747253	0.9578754578754579	0.967032967032967	0.9743589743589743	0.967948717948718
53	0.7921245421245421	0.9661172161172161	0.967948717948718	0.9697802197802198	0.9697802197802198	0.9697802197802198	0.9734432234432234	0.9771062271062271	0.9716117216117216	0.9716117216117216
54	0.7921245421245421	0.9642857142857143	0.9578754578754579	0.9734432234432234	0.967948717948718	0.9661172161172161	0.9706959706959707	0.956959706959707	0.9816849816849816	0.9734432234432234
55	0.8177655677655677	0.9597069597069597	0.9697802197802198	0.9725274725274725	0.9661172161172161	0.9734432234432234	0.9716117216117216	0.9771062271062271	0.9743589743589743	0.9716117216117216
56	0.7857142857142857	0.9615384615384616	0.9661172161172161	0.9688644688644689	0.9743589743589743	0.9706959706959707	0.9615384615384616	0.9697802197802198	0.967032967032967	0.9725274725274725
57	0.8031135531135531	0.9624542124542125	0.9652014652014652	0.967948717948718	0.9716117216117216	0.967948717948718	0.9688644688644689	0.9652014652014652	0.9697802197802198	0.9734432234432234
58	0.7985347985347986	0.9606227106227107	0.9697802197802198	0.9697802197802198	0.9661172161172161	0.9661172161172161	0.9652014652014652	0.967032967032967	0.9716117216117216	0.9752747252747253
59	0.8003663003663004	0.9633699633699634	0.9734432234432234	0.967948717948718	0.9615384615384616	0.9771062271062271	0.967948717948718	0.978021978021978	0.9734432234432234	0.9752747252747253
60	0.7802197802197802	0.9624542124542125	0.9642857142857143	0.9661172161172161	0.9578754578754579	0.9642857142857143	0.967948717948718	0.9706959706959707	0.9652014652014652	0.9688644688644689
61	0.7802197802197802	0.9697802197802198	0.967032967032967	0.9624542124542125	0.9688644688644689	0.9734432234432234	0.9761904761904762	0.9697802197802198	0.9697802197802198	0.9743589743589743
62	0.7847985347985348	0.9633699633699634	0.9633699633699634	0.9734432234432234	0.9661172161172161	0.9725274725274725	0.9716117216117216	0.9725274725274725	0.9716117216117216	0.9642857142857143
63	0.8122710622710623	0.9597069597069597	0.9597069597069597	0.9697802197802198	0.967032967032967	0.967032967032967	0.967032967032967	0.9752747252747253	0.9706959706959707	0.967948717948718
64	0.7884615384615384	0.9633699633699634	0.9597069597069597	0.9606227106227107	0.9697802197802198	0.9725274725274725	0.967948717948718	0.9743589743589743	0.9734432234432234	0.9688644688644689
65	0.7857142857142857	0.9633699633699634	0.9716117216117216	0.9697802197802198	0.9734432234432234	0.9734432234432234	0.9633699633699634	0.9716117216117216	0.9661172161172161	0.9697802197802198
66	0.7783882783882784	0.9587912087912088	0.9734432234432234	0.9716117216117216	0.9661172161172161	0.9725274725274725	0.9661172161172161	0.9688644688644689	0.9771062271062271	0.9716117216117216
67	0.7994505494505495	0.9615384615384616	0.9587912087912088	0.9652014652014652	0.9725274725274725	0.9652014652014652	0.9597069597069597	0.9725274725274725	0.9743589743589743	0.9734432234432234
68	0.7847985347985348	0.9725274725274725	0.9661172161172161	0.9560439560439561	0.9697802197802198	0.9661172161172161	0.9716117216117216	0.9661172161172161	0.9734432234432234	0.9798534798534798
69	0.7490842490842491	0.9606227106227107	0.9734432234432234	0.9661172161172161	0.9743589743589743	0.9743589743589743	0.9697802197802198	0.9606227106227107	0.9725274725274725	0.9725274725274725
70	0.7884615384615384	0.9697802197802198	0.9587912087912088	0.9706959706959707	0.9761904761904762	0.9697802197802198	0.9752747252747253	0.9606227106227107	0.9661172161172161	0.9688644688644689
71	0.7738095238095238	0.9615384615384616	0.9606227106227107	0.9688644688644689	0.9716117216117216	0.9725274725274725	0.9771062271062271	0.9661172161172161	0.9761904761904762	0.9716117216117216
72	0.7545787545787546	0.9697802197802198	0.9642857142857143	0.967032967032967	0.9652014652014652	0.9734432234432234	0.9697802197802198	0.9844322344322345	0.9752747252747253	0.9798534798534798
73	0.8104395604395604	0.967948717948718	0.9826007326007326	0.9789377289377289	0.978021978021978	0.9725274725274725	0.9706959706959707	0.9652014652014652	0.9697802197802198	0.967032967032967
74	0.7921245421245421	0.9597069597069597	0.9652014652014652	0.967948717948718	0.9652014652014652	0.9706959706959707	0.967032967032967	0.9633699633699634	0.9752747252747253	0.9706959706959707
75	0.7838827838827839	0.9725274725274725	0.967032967032967	0.9624542124542125	0.9652014652014652	0.9661172161172161	0.9633699633699634	0.9688644688644689	0.9706959706959707	0.9688644688644689
76	0.7747252747252747	0.9578754578754579	0.9633699633699634	0.9688644688644689	0.9578754578754579	0.9661172161172161	0.9688644688644689	0.967948717948718	0.9652014652014652	0.9697802197802198
77	0.8003663003663004	0.9734432234432234	0.9606227106227107	0.967948717948718	0.9697802197802198	0.9771062271062271	0.9615384615384616	0.9706959706959707	0.9697802197802198	0.978021978021978
78	0.7893772893772893	0.9661172161172161	0.9697802197802198	0.9615384615384616	0.9661172161172161	0.9734432234432234	0.9624542124542125	0.9642857142857143	0.9716117216117216	0.9633699633699634
79	0.7838827838827839	0.9652014652014652	0.9633699633699634	0.967948717948718	0.9734432234432234	0.9789377289377289	0.9633699633699634	0.9661172161172161	0.9725274725274725	0.9606227106227107
80	0.782051282051282	0.9697802197802198	0.9743589743589743	0.967032967032967	0.9633699633699634	0.9752747252747253	0.9661172161172161	0.9697802197802198	0.967948717948718	0.9652014652014652
81	0.793040293040293	0.9606227106227107	0.9642857142857143	0.9688644688644689	0.9624542124542125	0.9661172161172161	0.9688644688644689	0.9752747252747253	0.9743589743589743	0.978021978021978
82	0.7893772893772893	0.9688644688644689	0.967032967032967	0.9587912087912088	0.9633699633699634	0.9771062271062271	0.9725274725274725	0.967032967032967	0.9752747252747253	0.9697802197802198
83	0.7866300366300366	0.967948717948718	0.9688644688644689	0.9716117216117216	0.9752747252747253	0.9697802197802198	0.967032967032967	0.9716117216117216	0.9725274725274725	0.9716117216117216
84	0.7957875457875457	0.9542124542124543	0.9743589743589743	0.9633699633699634	0.9688644688644689	0.9697802197802198	0.967948717948718	0.967948717948718	0.9697802197802198	0.9633699633699634
85	0.7802197802197802	0.967032967032967	0.9697802197802198	0.9587912087912088	0.9652014652014652	0.9642857142857143	0.9725274725274725	0.967948717948718	0.9652014652014652	0.9642857142857143
86	0.7985347985347986	0.9688644688644689	0.967032967032967	0.9624542124542125	0.9734432234432234	0.967948717948718	0.978021978021978	0.9725274725274725	0.967948717948718	0.9697802197802198
87	0.8012820512820513	0.9542124542124543	0.9578754578754579	0.9597069597069597	0.9661172161172161	0.967948717948718	0.9752747252747253	0.9697802197802198	0.9688644688644689	0.9752747252747253
88	0.7847985347985348	0.9560439560439561	0.9633699633699634	0.9633699633699634	0.9652014652014652	0.9542124542124543	0.9615384615384616	0.9725274725274725	0.9642857142857143	0.9624542124542125
89	0.7875457875457875	0.9661172161172161	0.9633699633699634	0.9697802197802198	0.9688644688644689	0.9652014652014652	0.9716117216117216	0.9789377289377289	0.978021978021978	0.9688644688644689
90	0.804945054945055	0.9578754578754579	0.967032967032967	0.9615384615384616	0.9725274725274725	0.9725274725274725	0.967948717948718	0.9761904761904762	0.9752747252747253	0.9716117216117216
91	0.7994505494505495	0.9587912087912088	0.9734432234432234	0.9642857142857143	0.9652014652014652	0.9725274725274725	0.9697802197802198	0.9661172161172161	0.9697802197802198	0.9725274725274725
92	0.793040293040293	0.9560439560439561	0.9633699633699634	0.9688644688644689	0.967948717948718	0.9743589743589743	0.9771062271062271	0.9633699633699634	0.9807692307692307	0.9652014652014652
93	0.8031135531135531	0.9532967032967034	0.9642857142857143	0.967948717948718	0.9752747252747253	0.9706959706959707	0.9725274725274725	0.9743589743589743	0.9661172161172161	0.9752747252747253
94	0.8031135531135531	0.9624542124542125	0.9652014652014652	0.956959706959707	0.9578754578754579	0.9661172161172161	0.9743589743589743	0.9789377289377289	0.9597069597069597	0.9743589743589743
95	0.8168498168498168	0.9606227106227107	0.9624542124542125	0.9633699633699634	0.967948717948718	0.9661172161172161	0.9734432234432234	0.9624542124542125	0.9752747252747253	0.9697802197802198
96	0.8159340659340659	0.9624542124542125	0.956959706959707	0.9652014652014652	0.9697802197802198	0.978021978021978	0.9743589743589743	0.9697802197802198	0.9688644688644689	0.967032967032967
97	0.7967032967032966	0.9615384615384616	0.9615384615384616	0.9661172161172161	0.9771062271062271	0.967948717948718	0.9725274725274725	0.9697802197802198	0.9716117216117216	0.9652014652014652
98	0.804945054945055	0.9652014652014652	0.9652014652014652	0.9771062271062271	0.9587912087912088	0.9633699633699634	0.9706959706959707	0.9697802197802198	0.9706959706959707	0.9743589743589743
99	0.804945054945055	0.967948717948718	0.9688644688644689	0.9633699633699634	0.9761904761904762	0.9624542124542125	0.9624542124542125	0.9725274725274725	0.9716117216117216	0.9688644688644689
