	k=2	k=389	k=777	k=1165	k=1552	k=1940	k=2328	k=2715	k=3103	k=3491
0	0.6996336996336996	0.8516483516483516	0.8681318681318682	0.8653846153846154	0.8745421245421245	0.8809523809523809	0.8910256410256411	0.8873626373626373	0.8809523809523809	0.8901098901098901
1	0.6721611721611722	0.8415750915750916	0.8681318681318682	0.8717948717948718	0.8846153846153846	0.8864468864468864	0.8901098901098901	0.8791208791208791	0.8791208791208791	0.8791208791208791
2	0.7014652014652014	0.847985347985348	0.8708791208791209	0.8644688644688645	0.8672161172161172	0.8745421245421245	0.8937728937728938	0.8827838827838828	0.8864468864468864	0.8708791208791209
3	0.6987179487179487	0.8470695970695971	0.8736263736263736	0.8635531135531136	0.8717948717948718	0.8635531135531136	0.8901098901098901	0.8910256410256411	0.88003663003663	0.8745421245421245
4	0.7042124542124543	0.8461538461538461	0.8589743589743589	0.86996336996337	0.8571428571428571	0.8882783882783882	0.8901098901098901	0.8791208791208791	0.8836996336996337	0.8901098901098901
5	0.6941391941391941	0.8653846153846154	0.8653846153846154	0.8571428571428571	0.8791208791208791	0.8818681318681318	0.8846153846153846	0.8928571428571429	0.8772893772893773	0.8855311355311355
6	0.6923076923076923	0.8635531135531136	0.8717948717948718	0.8635531135531136	0.8745421245421245	0.8708791208791209	0.8736263736263736	0.8965201465201466	0.8763736263736264	0.8708791208791209
7	0.6785714285714286	0.8553113553113553	0.8772893772893773	0.8782051282051282	0.858058608058608	0.8809523809523809	0.8873626373626373	0.8809523809523809	0.8827838827838828	0.8754578754578755
8	0.6877289377289377	0.8452380952380952	0.8846153846153846	0.8571428571428571	0.8809523809523809	0.8763736263736264	0.8708791208791209	0.8855311355311355	0.8782051282051282	0.88003663003663
9	0.7161172161172161	0.8443223443223443	0.8663003663003663	0.8891941391941391	0.8617216117216118	0.88003663003663	0.8855311355311355	0.8708791208791209	0.8946886446886447	0.8745421245421245
10	0.6840659340659341	0.8415750915750916	0.8827838827838828	0.8745421245421245	0.8727106227106227	0.8937728937728938	0.8928571428571429	0.8754578754578755	0.8882783882783882	0.9038461538461539
11	0.674908424908425	0.8489010989010989	0.8754578754578755	0.8626373626373627	0.8791208791208791	0.8772893772893773	0.8717948717948718	0.8974358974358975	0.8727106227106227	0.8836996336996337
12	0.6822344322344323	0.8653846153846154	0.8864468864468864	0.8617216117216118	0.8745421245421245	0.8763736263736264	0.88003663003663	0.8782051282051282	0.8956043956043956	0.8782051282051282
13	0.695054945054945	0.8360805860805861	0.8745421245421245	0.8864468864468864	0.8727106227106227	0.8736263736263736	0.8782051282051282	0.8708791208791209	0.8809523809523809	0.88003663003663
14	0.7161172161172161	0.8342490842490843	0.8717948717948718	0.8782051282051282	0.8782051282051282	0.8672161172161172	0.8727106227106227	0.8855311355311355	0.8827838827838828	0.8910256410256411
15	0.6996336996336996	0.8278388278388278	0.8736263736263736	0.8809523809523809	0.8708791208791209	0.8543956043956044	0.8717948717948718	0.88003663003663	0.8763736263736264	0.8791208791208791
16	0.6923076923076923	0.8562271062271062	0.8763736263736264	0.8608058608058609	0.8827838827838828	0.8864468864468864	0.8754578754578755	0.8818681318681318	0.8809523809523809	0.8974358974358975
17	0.6858974358974359	0.8543956043956044	0.8653846153846154	0.8489010989010989	0.8846153846153846	0.8818681318681318	0.86996336996337	0.8644688644688645	0.8736263736263736	0.8882783882783882
18	0.7097069597069597	0.8379120879120879	0.8708791208791209	0.8681318681318682	0.86996336996337	0.8745421245421245	0.8717948717948718	0.8681318681318682	0.8690476190476191	0.8891941391941391
19	0.7142857142857143	0.8388278388278388	0.8571428571428571	0.8690476190476191	0.8754578754578755	0.8864468864468864	0.8846153846153846	0.8681318681318682	0.8882783882783882	0.8589743589743589
20	0.6968864468864469	0.8562271062271062	0.8681318681318682	0.8846153846153846	0.8736263736263736	0.8727106227106227	0.8617216117216118	0.8571428571428571	0.8827838827838828	0.8855311355311355
21	0.7023809523809523	0.8598901098901099	0.8617216117216118	0.8708791208791209	0.8763736263736264	0.88003663003663	0.8672161172161172	0.8763736263736264	0.8809523809523809	0.8827838827838828
22	0.7042124542124543	0.8452380952380952	0.8727106227106227	0.8672161172161172	0.8745421245421245	0.8653846153846154	0.8891941391941391	0.88003663003663	0.88003663003663	0.8846153846153846
23	0.6987179487179487	0.8342490842490843	0.8745421245421245	0.8791208791208791	0.8672161172161172	0.8782051282051282	0.8690476190476191	0.8543956043956044	0.8891941391941391	0.8836996336996337
24	0.7106227106227107	0.8461538461538461	0.8635531135531136	0.8672161172161172	0.88003663003663	0.8818681318681318	0.8672161172161172	0.88003663003663	0.8891941391941391	0.8891941391941391
25	0.6886446886446886	0.8360805860805861	0.86996336996337	0.8745421245421245	0.8653846153846154	0.8690476190476191	0.8736263736263736	0.8617216117216118	0.8809523809523809	0.8754578754578755
26	0.7124542124542125	0.8626373626373627	0.8690476190476191	0.8763736263736264	0.8663003663003663	0.8571428571428571	0.8864468864468864	0.8882783882783882	0.8571428571428571	0.88003663003663
27	0.695054945054945	0.8434065934065934	0.8772893772893773	0.8562271062271062	0.8745421245421245	0.8717948717948718	0.8644688644688645	0.8809523809523809	0.8855311355311355	0.8818681318681318
28	0.7023809523809523	0.8553113553113553	0.8763736263736264	0.8763736263736264	0.8727106227106227	0.8782051282051282	0.8589743589743589	0.8644688644688645	0.8910256410256411	0.8635531135531136
29	0.695054945054945	0.847985347985348	0.8617216117216118	0.8708791208791209	0.8727106227106227	0.8891941391941391	0.8736263736263736	0.86996336996337	0.8937728937728938	0.8681318681318682
30	0.6840659340659341	0.8516483516483516	0.8882783882783882	0.8690476190476191	0.8901098901098901	0.8791208791208791	0.88003663003663	0.8846153846153846	0.8708791208791209	0.8846153846153846
31	0.7106227106227107	0.858058608058608	0.8543956043956044	0.858058608058608	0.8745421245421245	0.8772893772893773	0.8717948717948718	0.8772893772893773	0.8827838827838828	0.891941391941392
32	0.6886446886446886	0.8379120879120879	0.8598901098901099	0.88003663003663	0.8836996336996337	0.8855311355311355	0.8809523809523809	0.8983516483516484	0.8873626373626373	0.8653846153846154
33	0.717032967032967	0.8516483516483516	0.8635531135531136	0.8608058608058609	0.8708791208791209	0.8653846153846154	0.8864468864468864	0.8782051282051282	0.8754578754578755	0.8836996336996337
34	0.6840659340659341	0.8644688644688645	0.8470695970695971	0.8727106227106227	0.86996336996337	0.8763736263736264	0.8910256410256411	0.8827838827838828	0.8772893772893773	0.8855311355311355
35	0.6840659340659341	0.8461538461538461	0.8598901098901099	0.8598901098901099	0.8626373626373627	0.8745421245421245	0.8882783882783882	0.8901098901098901	0.8653846153846154	0.9001831501831502
36	0.7014652014652014	0.8562271062271062	0.8928571428571429	0.8782051282051282	0.8598901098901099	0.8855311355311355	0.8864468864468864	0.8827838827838828	0.8836996336996337	0.8809523809523809
37	0.7014652014652014	0.8553113553113553	0.8617216117216118	0.8928571428571429	0.8855311355311355	0.8763736263736264	0.8635531135531136	0.8608058608058609	0.86996336996337	0.9001831501831502
38	0.6703296703296703	0.8617216117216118	0.8736263736263736	0.8663003663003663	0.8635531135531136	0.8873626373626373	0.8846153846153846	0.8763736263736264	0.8827838827838828	0.8663003663003663
39	0.6959706959706959	0.8360805860805861	0.8681318681318682	0.8644688644688645	0.8617216117216118	0.8772893772893773	0.8635531135531136	0.86996336996337	0.8864468864468864	0.8846153846153846
40	0.7271062271062271	0.8406593406593407	0.8635531135531136	0.8635531135531136	0.8745421245421245	0.8681318681318682	0.8827838827838828	0.8608058608058609	0.8965201465201466	0.8809523809523809
41	0.6840659340659341	0.8351648351648352	0.8708791208791209	0.8809523809523809	0.8626373626373627	0.8772893772893773	0.8956043956043956	0.8708791208791209	0.8864468864468864	0.8855311355311355
42	0.6813186813186813	0.8635531135531136	0.8754578754578755	0.8708791208791209	0.8937728937728938	0.8754578754578755	0.8745421245421245	0.8727106227106227	0.8910256410256411	0.8827838827838828
43	0.6831501831501832	0.8562271062271062	0.8681318681318682	0.8672161172161172	0.8589743589743589	0.86996336996337	0.88003663003663	0.8846153846153846	0.8809523809523809	0.8928571428571429
44	0.6996336996336996	0.8571428571428571	0.8489010989010989	0.8809523809523809	0.8653846153846154	0.8827838827838828	0.8901098901098901	0.8836996336996337	0.8827838827838828	0.8772893772893773
45	0.7206959706959707	0.8452380952380952	0.8617216117216118	0.8827838827838828	0.8690476190476191	0.8525641025641025	0.8882783882783882	0.8809523809523809	0.8836996336996337	0.8827838827838828
46	0.6840659340659341	0.8342490842490843	0.8827838827838828	0.8708791208791209	0.8791208791208791	0.8663003663003663	0.8873626373626373	0.8910256410256411	0.8589743589743589	0.9001831501831502
47	0.695054945054945	0.8626373626373627	0.86996336996337	0.8873626373626373	0.8809523809523809	0.8736263736263736	0.8635531135531136	0.8983516483516484	0.8882783882783882	0.891941391941392
48	0.7133699633699634	0.8507326007326007	0.8754578754578755	0.86996336996337	0.8745421245421245	0.8717948717948718	0.8717948717948718	0.8836996336996337	0.8846153846153846	0.8836996336996337
49	0.6877289377289377	0.8452380952380952	0.8635531135531136	0.8836996336996337	0.8809523809523809	0.8818681318681318	0.8937728937728938	0.8846153846153846	0.8937728937728938	0.8626373626373627
50	0.6968864468864469	0.8516483516483516	0.836996336996337	0.86996336996337	0.8763736263736264	0.8827838827838828	0.8736263736263736	0.86996336996337	0.8818681318681318	0.8782051282051282
51	0.6941391941391941	0.8644688644688645	0.86996336996337	0.8864468864468864	0.8727106227106227	0.8754578754578755	0.8772893772893773	0.8864468864468864	0.8910256410256411	0.8763736263736264
52	0.7078754578754579	0.8379120879120879	0.8452380952380952	0.8598901098901099	0.8836996336996337	0.8782051282051282	0.8745421245421245	0.8965201465201466	0.8717948717948718	0.8772893772893773
53	0.717032967032967	0.8498168498168498	0.8562271062271062	0.8772893772893773	0.8717948717948718	0.8846153846153846	0.8727106227106227	0.8617216117216118	0.8873626373626373	0.8745421245421245
54	0.7005494505494505	0.8406593406593407	0.8754578754578755	0.8708791208791209	0.8644688644688645	0.8653846153846154	0.8882783882783882	0.8708791208791209	0.8846153846153846	0.8791208791208791
55	0.7051282051282052	0.8571428571428571	0.8791208791208791	0.8772893772893773	0.8644688644688645	0.8672161172161172	0.8891941391941391	0.9065934065934066	0.88003663003663	0.8855311355311355
56	0.7060439560439561	0.8406593406593407	0.8690476190476191	0.8745421245421245	0.8681318681318682	0.8708791208791209	0.8681318681318682	0.8928571428571429	0.8855311355311355	0.8681318681318682
57	0.6868131868131868	0.8562271062271062	0.8708791208791209	0.8754578754578755	0.8818681318681318	0.8663003663003663	0.8827838827838828	0.8736263736263736	0.8864468864468864	0.8818681318681318
58	0.6941391941391941	0.8278388278388278	0.8571428571428571	0.88003663003663	0.8818681318681318	0.8809523809523809	0.8626373626373627	0.8882783882783882	0.8983516483516484	0.8653846153846154
59	0.717032967032967	0.8470695970695971	0.8635531135531136	0.8745421245421245	0.8864468864468864	0.88003663003663	0.8901098901098901	0.8681318681318682	0.8873626373626373	0.8855311355311355
60	0.6996336996336996	0.8461538461538461	0.8525641025641025	0.8855311355311355	0.8891941391941391	0.8653846153846154	0.8690476190476191	0.88003663003663	0.8818681318681318	0.8882783882783882
61	0.7152014652014652	0.8562271062271062	0.8516483516483516	0.8745421245421245	0.8782051282051282	0.8708791208791209	0.8717948717948718	0.8745421245421245	0.88003663003663	0.8727106227106227
62	0.7298534798534798	0.8388278388278388	0.858058608058608	0.8543956043956044	0.88003663003663	0.8891941391941391	0.8846153846153846	0.8937728937728938	0.8901098901098901	0.8690476190476191
63	0.6758241758241759	0.8296703296703297	0.8763736263736264	0.8791208791208791	0.8754578754578755	0.8763736263736264	0.8681318681318682	0.8864468864468864	0.8782051282051282	0.8598901098901099
64	0.6868131868131868	0.8232600732600732	0.858058608058608	0.8617216117216118	0.8791208791208791	0.8992673992673993	0.8791208791208791	0.8946886446886447	0.8846153846153846	0.8727106227106227
65	0.7023809523809523	0.8635531135531136	0.86996336996337	0.8644688644688645	0.8653846153846154	0.8717948717948718	0.8910256410256411	0.8608058608058609	0.8818681318681318	0.8910256410256411
66	0.6941391941391941	0.8443223443223443	0.8608058608058609	0.8836996336996337	0.8864468864468864	0.88003663003663	0.8763736263736264	0.8809523809523809	0.8855311355311355	0.8873626373626373
67	0.6822344322344323	0.8562271062271062	0.8681318681318682	0.8672161172161172	0.8745421245421245	0.8873626373626373	0.8901098901098901	0.8772893772893773	0.8928571428571429	0.8562271062271062
68	0.6941391941391941	0.8598901098901099	0.8772893772893773	0.8974358974358975	0.8653846153846154	0.8846153846153846	0.8589743589743589	0.8818681318681318	0.8956043956043956	0.8745421245421245
69	0.7133699633699634	0.8516483516483516	0.8562271062271062	0.8571428571428571	0.8855311355311355	0.8846153846153846	0.8901098901098901	0.8846153846153846	0.8864468864468864	0.8910256410256411
70	0.7142857142857143	0.8461538461538461	0.8598901098901099	0.8589743589743589	0.8635531135531136	0.8626373626373627	0.8617216117216118	0.8763736263736264	0.8882783882783882	0.8882783882783882
71	0.6987179487179487	0.8635531135531136	0.86996336996337	0.8553113553113553	0.8846153846153846	0.8882783882783882	0.8855311355311355	0.8663003663003663	0.8754578754578755	0.8736263736263736
72	0.6858974358974359	0.8470695970695971	0.8681318681318682	0.8626373626373627	0.8617216117216118	0.8717948717948718	0.8855311355311355	0.8910256410256411	0.8672161172161172	0.88003663003663
73	0.706959706959707	0.858058608058608	0.8617216117216118	0.8663003663003663	0.8782051282051282	0.8992673992673993	0.86996336996337	0.8626373626373627	0.8937728937728938	0.88003663003663
74	0.6987179487179487	0.8525641025641025	0.8708791208791209	0.8690476190476191	0.8727106227106227	0.8855311355311355	0.88003663003663	0.8846153846153846	0.8791208791208791	0.8672161172161172
75	0.6968864468864469	0.8498168498168498	0.8745421245421245	0.8855311355311355	0.9047619047619048	0.8864468864468864	0.8727106227106227	0.8855311355311355	0.88003663003663	0.8928571428571429
76	0.6886446886446886	0.8589743589743589	0.8562271062271062	0.8754578754578755	0.8644688644688645	0.8745421245421245	0.8818681318681318	0.8782051282051282	0.8827838827838828	0.8635531135531136
77	0.6840659340659341	0.8406593406593407	0.8708791208791209	0.8681318681318682	0.8763736263736264	0.8717948717948718	0.8772893772893773	0.8727106227106227	0.8836996336996337	0.8708791208791209
78	0.7106227106227107	0.836996336996337	0.8608058608058609	0.8754578754578755	0.9010989010989011	0.8589743589743589	0.8827838827838828	0.8836996336996337	0.8772893772893773	0.8846153846153846
79	0.7032967032967034	0.8507326007326007	0.8846153846153846	0.88003663003663	0.8846153846153846	0.8855311355311355	0.8928571428571429	0.8992673992673993	0.8818681318681318	0.8818681318681318
80	0.6932234432234432	0.8443223443223443	0.8598901098901099	0.8553113553113553	0.88003663003663	0.902014652014652	0.8745421245421245	0.8745421245421245	0.8864468864468864	0.8956043956043956
81	0.7142857142857143	0.8342490842490843	0.8617216117216118	0.8754578754578755	0.8717948717948718	0.8617216117216118	0.88003663003663	0.8882783882783882	0.8672161172161172	0.8763736263736264
82	0.674908424908425	0.8598901098901099	0.8663003663003663	0.8809523809523809	0.8644688644688645	0.8974358974358975	0.8846153846153846	0.8873626373626373	0.8672161172161172	0.8745421245421245
83	0.706959706959707	0.8351648351648352	0.8782051282051282	0.8855311355311355	0.8827838827838828	0.8653846153846154	0.8717948717948718	0.8855311355311355	0.8745421245421245	0.86996336996337
84	0.7032967032967034	0.8617216117216118	0.8727106227106227	0.8772893772893773	0.8763736263736264	0.8754578754578755	0.86996336996337	0.8974358974358975	0.8827838827838828	0.8663003663003663
85	0.7032967032967034	0.8443223443223443	0.8617216117216118	0.8507326007326007	0.8562271062271062	0.8653846153846154	0.8910256410256411	0.8717948717948718	0.8635531135531136	0.88003663003663
86	0.7023809523809523	0.8617216117216118	0.8827838827838828	0.8772893772893773	0.88003663003663	0.8836996336996337	0.8598901098901099	0.8690476190476191	0.8937728937728938	0.8946886446886447
87	0.7051282051282052	0.8635531135531136	0.8782051282051282	0.8855311355311355	0.8864468864468864	0.8928571428571429	0.8864468864468864	0.8818681318681318	0.8754578754578755	0.8864468864468864
88	0.7206959706959707	0.8589743589743589	0.8635531135531136	0.8617216117216118	0.8727106227106227	0.8745421245421245	0.8809523809523809	0.8928571428571429	0.8791208791208791	0.8873626373626373
89	0.6895604395604396	0.8415750915750916	0.8745421245421245	0.8782051282051282	0.8672161172161172	0.86996336996337	0.8617216117216118	0.8891941391941391	0.8946886446886447	0.8873626373626373
90	0.7051282051282052	0.8553113553113553	0.8516483516483516	0.8745421245421245	0.8873626373626373	0.8708791208791209	0.8727106227106227	0.8644688644688645	0.8727106227106227	0.8882783882783882
91	0.7032967032967034	0.8571428571428571	0.8736263736263736	0.8608058608058609	0.8754578754578755	0.8827838827838828	0.8763736263736264	0.8681318681318682	0.8763736263736264	0.8818681318681318
92	0.6877289377289377	0.8534798534798534	0.8717948717948718	0.8635531135531136	0.8745421245421245	0.8727106227106227	0.8608058608058609	0.8937728937728938	0.8772893772893773	0.8772893772893773
93	0.7032967032967034	0.8315018315018315	0.8608058608058609	0.8626373626373627	0.8644688644688645	0.86996336996337	0.8653846153846154	0.8745421245421245	0.8818681318681318	0.8782051282051282
94	0.7161172161172161	0.8589743589743589	0.8736263736263736	0.8489010989010989	0.8736263736263736	0.8736263736263736	0.8864468864468864	0.891941391941392	0.88003663003663	0.8818681318681318
95	0.7106227106227107	0.8223443223443223	0.88003663003663	0.8598901098901099	0.8809523809523809	0.8937728937728938	0.8782051282051282	0.8772893772893773	0.8836996336996337	0.8782051282051282
96	0.7097069597069597	0.8305860805860806	0.8644688644688645	0.8745421245421245	0.8690476190476191	0.8562271062271062	0.8754578754578755	0.8772893772893773	0.8727106227106227	0.8754578754578755
97	0.7023809523809523	0.826007326007326	0.8598901098901099	0.8717948717948718	0.8644688644688645	0.891941391941392	0.8846153846153846	0.8818681318681318	0.8791208791208791	0.8901098901098901
98	0.7197802197802198	0.8525641025641025	0.8598901098901099	0.8690476190476191	0.8727106227106227	0.891941391941392	0.8809523809523809	0.8809523809523809	0.8589743589743589	0.8846153846153846
99	0.7042124542124543	0.836996336996337	0.847985347985348	0.8690476190476191	0.8727106227106227	0.8836996336996337	0.8763736263736264	0.8901098901098901	0.8736263736263736	0.8717948717948718
