	k=2	k=23	k=45	k=67	k=89	k=110	k=132	k=154	k=176	k=198
0	0.8064516129032258	0.7258064516129032	0.7580645161290323	0.7903225806451613	0.7741935483870968	0.7580645161290323	0.6774193548387096	0.6935483870967742	0.7741935483870968	0.6935483870967742
1	0.7903225806451613	0.7419354838709677	0.6451612903225806	0.6935483870967742	0.7258064516129032	0.6290322580645161	0.7419354838709677	0.7419354838709677	0.7903225806451613	0.6774193548387096
2	0.8064516129032258	0.6935483870967742	0.7580645161290323	0.7903225806451613	0.7096774193548387	0.7096774193548387	0.7580645161290323	0.7903225806451613	0.6612903225806451	0.7258064516129032
3	0.9032258064516129	0.7419354838709677	0.6774193548387096	0.7419354838709677	0.8225806451612904	0.6774193548387096	0.8225806451612904	0.6612903225806451	0.7580645161290323	0.7258064516129032
4	0.7741935483870968	0.8064516129032258	0.5967741935483871	0.7096774193548387	0.7258064516129032	0.7258064516129032	0.6935483870967742	0.6774193548387096	0.7258064516129032	0.7258064516129032
5	0.8548387096774194	0.7419354838709677	0.6290322580645161	0.7580645161290323	0.6935483870967742	0.7419354838709677	0.7258064516129032	0.6774193548387096	0.7258064516129032	0.6451612903225806
6	0.8064516129032258	0.7258064516129032	0.6935483870967742	0.7419354838709677	0.7741935483870968	0.7258064516129032	0.7419354838709677	0.7580645161290323	0.8064516129032258	0.7258064516129032
7	0.7741935483870968	0.7741935483870968	0.7096774193548387	0.7258064516129032	0.7419354838709677	0.7580645161290323	0.8064516129032258	0.6290322580645161	0.7741935483870968	0.8387096774193549
8	0.8387096774193549	0.7096774193548387	0.7580645161290323	0.6612903225806451	0.6935483870967742	0.6774193548387096	0.6935483870967742	0.7258064516129032	0.7741935483870968	0.7741935483870968
9	0.8064516129032258	0.8548387096774194	0.6774193548387096	0.8064516129032258	0.7419354838709677	0.5645161290322581	0.6612903225806451	0.7741935483870968	0.6935483870967742	0.6451612903225806
10	0.8548387096774194	0.8387096774193549	0.6774193548387096	0.7096774193548387	0.6774193548387096	0.6612903225806451	0.6774193548387096	0.6451612903225806	0.8548387096774194	0.8064516129032258
11	0.7258064516129032	0.7096774193548387	0.7258064516129032	0.7419354838709677	0.6935483870967742	0.7258064516129032	0.7580645161290323	0.6935483870967742	0.7741935483870968	0.7903225806451613
12	0.8064516129032258	0.7419354838709677	0.6935483870967742	0.6290322580645161	0.8064516129032258	0.6774193548387096	0.6935483870967742	0.7741935483870968	0.7741935483870968	0.8064516129032258
13	0.8225806451612904	0.7096774193548387	0.5967741935483871	0.7258064516129032	0.7741935483870968	0.7096774193548387	0.6935483870967742	0.7419354838709677	0.7258064516129032	0.8709677419354839
14	0.8225806451612904	0.8387096774193549	0.7258064516129032	0.6451612903225806	0.7258064516129032	0.6935483870967742	0.7903225806451613	0.7419354838709677	0.7903225806451613	0.7741935483870968
15	0.7741935483870968	0.7580645161290323	0.7258064516129032	0.7903225806451613	0.6935483870967742	0.7419354838709677	0.6774193548387096	0.6451612903225806	0.7903225806451613	0.7580645161290323
16	0.8064516129032258	0.7741935483870968	0.6774193548387096	0.6935483870967742	0.7580645161290323	0.6451612903225806	0.6935483870967742	0.7903225806451613	0.6290322580645161	0.6612903225806451
17	0.7741935483870968	0.7258064516129032	0.8064516129032258	0.7580645161290323	0.6935483870967742	0.7741935483870968	0.8225806451612904	0.7096774193548387	0.6935483870967742	0.7903225806451613
18	0.8548387096774194	0.8387096774193549	0.6451612903225806	0.7096774193548387	0.7580645161290323	0.6612903225806451	0.6612903225806451	0.7419354838709677	0.7096774193548387	0.6612903225806451
19	0.7741935483870968	0.7903225806451613	0.7096774193548387	0.6451612903225806	0.8548387096774194	0.7741935483870968	0.7903225806451613	0.7258064516129032	0.8225806451612904	0.7580645161290323
20	0.8064516129032258	0.7419354838709677	0.5967741935483871	0.6774193548387096	0.7741935483870968	0.7741935483870968	0.6451612903225806	0.6129032258064516	0.7419354838709677	0.7419354838709677
21	0.8225806451612904	0.6612903225806451	0.8225806451612904	0.7580645161290323	0.6290322580645161	0.7096774193548387	0.6774193548387096	0.7258064516129032	0.7741935483870968	0.6612903225806451
22	0.8064516129032258	0.7096774193548387	0.8064516129032258	0.7580645161290323	0.7580645161290323	0.6129032258064516	0.7419354838709677	0.7419354838709677	0.7258064516129032	0.7419354838709677
23	0.8548387096774194	0.7741935483870968	0.7419354838709677	0.6290322580645161	0.6129032258064516	0.7096774193548387	0.7258064516129032	0.7419354838709677	0.7741935483870968	0.7903225806451613
24	0.7741935483870968	0.7258064516129032	0.6612903225806451	0.7096774193548387	0.7419354838709677	0.7419354838709677	0.7258064516129032	0.6451612903225806	0.7741935483870968	0.6935483870967742
25	0.8387096774193549	0.7096774193548387	0.8064516129032258	0.7258064516129032	0.7419354838709677	0.7419354838709677	0.6935483870967742	0.7580645161290323	0.7903225806451613	0.8225806451612904
26	0.8387096774193549	0.7903225806451613	0.6774193548387096	0.6774193548387096	0.7096774193548387	0.6774193548387096	0.7096774193548387	0.7258064516129032	0.7741935483870968	0.7580645161290323
27	0.7580645161290323	0.8064516129032258	0.6451612903225806	0.7580645161290323	0.7580645161290323	0.7580645161290323	0.8064516129032258	0.8387096774193549	0.7903225806451613	0.7419354838709677
28	0.8870967741935484	0.7741935483870968	0.8548387096774194	0.7096774193548387	0.7419354838709677	0.6290322580645161	0.8064516129032258	0.7096774193548387	0.7741935483870968	0.8064516129032258
29	0.8064516129032258	0.7580645161290323	0.7096774193548387	0.6774193548387096	0.8387096774193549	0.7580645161290323	0.7580645161290323	0.7580645161290323	0.6129032258064516	0.7419354838709677
30	0.7258064516129032	0.7903225806451613	0.7419354838709677	0.7903225806451613	0.7580645161290323	0.6935483870967742	0.7096774193548387	0.7419354838709677	0.7419354838709677	0.7741935483870968
31	0.8064516129032258	0.8225806451612904	0.7419354838709677	0.6774193548387096	0.7903225806451613	0.6935483870967742	0.6290322580645161	0.7096774193548387	0.7419354838709677	0.6935483870967742
32	0.8709677419354839	0.6935483870967742	0.8064516129032258	0.8064516129032258	0.6935483870967742	0.7741935483870968	0.7903225806451613	0.7903225806451613	0.8225806451612904	0.7096774193548387
33	0.7903225806451613	0.7096774193548387	0.7741935483870968	0.6935483870967742	0.8548387096774194	0.7419354838709677	0.6935483870967742	0.7096774193548387	0.6129032258064516	0.7580645161290323
34	0.7903225806451613	0.8548387096774194	0.7096774193548387	0.8064516129032258	0.7258064516129032	0.8225806451612904	0.7096774193548387	0.8225806451612904	0.7580645161290323	0.8064516129032258
35	0.8387096774193549	0.7741935483870968	0.7258064516129032	0.7903225806451613	0.6774193548387096	0.7741935483870968	0.7419354838709677	0.8064516129032258	0.6612903225806451	0.8064516129032258
36	0.7580645161290323	0.7903225806451613	0.7741935483870968	0.8064516129032258	0.7258064516129032	0.7903225806451613	0.6612903225806451	0.6774193548387096	0.8387096774193549	0.7903225806451613
37	0.7580645161290323	0.7580645161290323	0.7258064516129032	0.7258064516129032	0.6935483870967742	0.6129032258064516	0.7258064516129032	0.6774193548387096	0.6290322580645161	0.8387096774193549
38	0.7258064516129032	0.7096774193548387	0.7741935483870968	0.7096774193548387	0.8225806451612904	0.7096774193548387	0.7580645161290323	0.8387096774193549	0.6774193548387096	0.7903225806451613
39	0.9032258064516129	0.7903225806451613	0.5967741935483871	0.6290322580645161	0.8548387096774194	0.7096774193548387	0.7903225806451613	0.7258064516129032	0.8225806451612904	0.7258064516129032
40	0.8225806451612904	0.7258064516129032	0.7258064516129032	0.7580645161290323	0.5967741935483871	0.6774193548387096	0.8387096774193549	0.7258064516129032	0.8064516129032258	0.6935483870967742
41	0.7580645161290323	0.7741935483870968	0.6774193548387096	0.6935483870967742	0.8548387096774194	0.7258064516129032	0.6774193548387096	0.7741935483870968	0.8225806451612904	0.7741935483870968
42	0.8387096774193549	0.7419354838709677	0.7096774193548387	0.6935483870967742	0.7741935483870968	0.6935483870967742	0.6290322580645161	0.8225806451612904	0.8064516129032258	0.8548387096774194
43	0.7903225806451613	0.7741935483870968	0.7903225806451613	0.6774193548387096	0.7096774193548387	0.7258064516129032	0.7419354838709677	0.6935483870967742	0.7096774193548387	0.7258064516129032
44	0.7903225806451613	0.7903225806451613	0.7419354838709677	0.8064516129032258	0.7096774193548387	0.7580645161290323	0.6451612903225806	0.8387096774193549	0.8548387096774194	0.7419354838709677
45	0.8064516129032258	0.7096774193548387	0.7096774193548387	0.7096774193548387	0.7419354838709677	0.8387096774193549	0.6451612903225806	0.7741935483870968	0.7580645161290323	0.7258064516129032
46	0.8064516129032258	0.7741935483870968	0.7419354838709677	0.7419354838709677	0.6612903225806451	0.6612903225806451	0.6774193548387096	0.7419354838709677	0.8548387096774194	0.7419354838709677
47	0.8064516129032258	0.7419354838709677	0.7741935483870968	0.6451612903225806	0.6935483870967742	0.7903225806451613	0.7419354838709677	0.7580645161290323	0.6774193548387096	0.6935483870967742
48	0.7741935483870968	0.7258064516129032	0.6451612903225806	0.8387096774193549	0.8064516129032258	0.7096774193548387	0.6935483870967742	0.7903225806451613	0.7741935483870968	0.7741935483870968
49	0.7903225806451613	0.8064516129032258	0.6935483870967742	0.5645161290322581	0.8064516129032258	0.7903225806451613	0.7419354838709677	0.6290322580645161	0.7419354838709677	0.7419354838709677
50	0.8387096774193549	0.8225806451612904	0.6451612903225806	0.7258064516129032	0.7903225806451613	0.6935483870967742	0.6129032258064516	0.7258064516129032	0.7580645161290323	0.7903225806451613
51	0.8225806451612904	0.8387096774193549	0.7096774193548387	0.8064516129032258	0.7580645161290323	0.5967741935483871	0.7419354838709677	0.8064516129032258	0.6774193548387096	0.6774193548387096
52	0.7903225806451613	0.8064516129032258	0.6774193548387096	0.7580645161290323	0.5967741935483871	0.7903225806451613	0.7580645161290323	0.7096774193548387	0.7903225806451613	0.7741935483870968
53	0.8064516129032258	0.7258064516129032	0.7258064516129032	0.6451612903225806	0.6129032258064516	0.7741935483870968	0.7580645161290323	0.8387096774193549	0.8548387096774194	0.7580645161290323
54	0.7258064516129032	0.8225806451612904	0.6451612903225806	0.6774193548387096	0.7419354838709677	0.7903225806451613	0.7419354838709677	0.7258064516129032	0.6935483870967742	0.7419354838709677
55	0.8548387096774194	0.7580645161290323	0.7903225806451613	0.7741935483870968	0.7580645161290323	0.6612903225806451	0.7419354838709677	0.7741935483870968	0.7258064516129032	0.7580645161290323
56	0.7741935483870968	0.6935483870967742	0.7580645161290323	0.7096774193548387	0.7096774193548387	0.6612903225806451	0.7258064516129032	0.7258064516129032	0.6612903225806451	0.7419354838709677
57	0.7741935483870968	0.7258064516129032	0.7096774193548387	0.7741935483870968	0.7419354838709677	0.7258064516129032	0.8225806451612904	0.7258064516129032	0.8064516129032258	0.7419354838709677
58	0.7580645161290323	0.8548387096774194	0.6774193548387096	0.7258064516129032	0.6774193548387096	0.7096774193548387	0.7580645161290323	0.8064516129032258	0.7580645161290323	0.6774193548387096
59	0.7903225806451613	0.6451612903225806	0.6774193548387096	0.6451612903225806	0.6935483870967742	0.7741935483870968	0.7419354838709677	0.7580645161290323	0.7580645161290323	0.7096774193548387
60	0.8387096774193549	0.7580645161290323	0.7419354838709677	0.7419354838709677	0.6612903225806451	0.8064516129032258	0.7258064516129032	0.7741935483870968	0.7580645161290323	0.7258064516129032
61	0.8064516129032258	0.8064516129032258	0.7419354838709677	0.7258064516129032	0.7580645161290323	0.7903225806451613	0.7580645161290323	0.7096774193548387	0.6612903225806451	0.7580645161290323
62	0.9193548387096774	0.6935483870967742	0.7258064516129032	0.8064516129032258	0.6451612903225806	0.7580645161290323	0.7096774193548387	0.7419354838709677	0.7096774193548387	0.7419354838709677
63	0.8870967741935484	0.8225806451612904	0.7419354838709677	0.7419354838709677	0.7258064516129032	0.7741935483870968	0.6935483870967742	0.7258064516129032	0.7580645161290323	0.7903225806451613
64	0.7741935483870968	0.7741935483870968	0.7419354838709677	0.7580645161290323	0.7419354838709677	0.7741935483870968	0.7741935483870968	0.7258064516129032	0.8225806451612904	0.7419354838709677
65	0.7741935483870968	0.7741935483870968	0.6935483870967742	0.7419354838709677	0.6451612903225806	0.8064516129032258	0.7258064516129032	0.7419354838709677	0.7258064516129032	0.6935483870967742
66	0.8387096774193549	0.6935483870967742	0.7903225806451613	0.7258064516129032	0.7258064516129032	0.6774193548387096	0.7419354838709677	0.6612903225806451	0.7419354838709677	0.7096774193548387
67	0.8387096774193549	0.7741935483870968	0.7096774193548387	0.6935483870967742	0.6774193548387096	0.7096774193548387	0.7419354838709677	0.7419354838709677	0.6290322580645161	0.8225806451612904
68	0.8870967741935484	0.7096774193548387	0.7741935483870968	0.7419354838709677	0.6129032258064516	0.7580645161290323	0.6774193548387096	0.6935483870967742	0.7258064516129032	0.7258064516129032
69	0.8548387096774194	0.7096774193548387	0.7096774193548387	0.5806451612903226	0.7903225806451613	0.7096774193548387	0.7741935483870968	0.7741935483870968	0.7419354838709677	0.7741935483870968
70	0.8064516129032258	0.8225806451612904	0.6774193548387096	0.6935483870967742	0.6774193548387096	0.6935483870967742	0.7580645161290323	0.7903225806451613	0.7903225806451613	0.7258064516129032
71	0.7258064516129032	0.6935483870967742	0.7903225806451613	0.5967741935483871	0.8064516129032258	0.7419354838709677	0.7903225806451613	0.6774193548387096	0.7741935483870968	0.6935483870967742
72	0.8387096774193549	0.7580645161290323	0.6774193548387096	0.7419354838709677	0.7741935483870968	0.7419354838709677	0.7741935483870968	0.7419354838709677	0.7258064516129032	0.7580645161290323
73	0.9032258064516129	0.7741935483870968	0.6935483870967742	0.6129032258064516	0.6451612903225806	0.6612903225806451	0.6451612903225806	0.6290322580645161	0.7096774193548387	0.6451612903225806
74	0.8548387096774194	0.7419354838709677	0.7419354838709677	0.7741935483870968	0.6774193548387096	0.8064516129032258	0.6774193548387096	0.6774193548387096	0.7096774193548387	0.8064516129032258
75	0.8225806451612904	0.7258064516129032	0.6129032258064516	0.8387096774193549	0.7419354838709677	0.8225806451612904	0.7903225806451613	0.8225806451612904	0.7580645161290323	0.7096774193548387
76	0.8064516129032258	0.7419354838709677	0.6451612903225806	0.6129032258064516	0.8064516129032258	0.6774193548387096	0.7258064516129032	0.7741935483870968	0.7903225806451613	0.8870967741935484
77	0.7903225806451613	0.7903225806451613	0.7096774193548387	0.7419354838709677	0.6129032258064516	0.7419354838709677	0.7580645161290323	0.6290322580645161	0.8387096774193549	0.7258064516129032
78	0.9193548387096774	0.8709677419354839	0.7096774193548387	0.6935483870967742	0.7258064516129032	0.7580645161290323	0.7258064516129032	0.6935483870967742	0.6935483870967742	0.7258064516129032
79	0.8387096774193549	0.6935483870967742	0.7580645161290323	0.7580645161290323	0.7096774193548387	0.5645161290322581	0.6935483870967742	0.6935483870967742	0.8064516129032258	0.8064516129032258
80	0.8548387096774194	0.7258064516129032	0.7419354838709677	0.7741935483870968	0.5967741935483871	0.6451612903225806	0.6451612903225806	0.8225806451612904	0.7741935483870968	0.7741935483870968
81	0.7741935483870968	0.6935483870967742	0.7419354838709677	0.7580645161290323	0.7741935483870968	0.6612903225806451	0.6290322580645161	0.7258064516129032	0.7419354838709677	0.7258064516129032
82	0.7903225806451613	0.8064516129032258	0.7258064516129032	0.7580645161290323	0.7741935483870968	0.6774193548387096	0.5967741935483871	0.7741935483870968	0.6612903225806451	0.6612903225806451
83	0.8225806451612904	0.7741935483870968	0.7258064516129032	0.6129032258064516	0.6774193548387096	0.7258064516129032	0.6129032258064516	0.8387096774193549	0.7096774193548387	0.6129032258064516
84	0.7419354838709677	0.7419354838709677	0.7096774193548387	0.7741935483870968	0.7580645161290323	0.7096774193548387	0.7903225806451613	0.7096774193548387	0.7580645161290323	0.6774193548387096
85	0.8548387096774194	0.7903225806451613	0.6451612903225806	0.7419354838709677	0.8225806451612904	0.7741935483870968	0.8064516129032258	0.7419354838709677	0.7096774193548387	0.7419354838709677
86	0.8387096774193549	0.7903225806451613	0.6290322580645161	0.7419354838709677	0.8225806451612904	0.7419354838709677	0.8225806451612904	0.7580645161290323	0.7258064516129032	0.7096774193548387
87	0.8387096774193549	0.7258064516129032	0.6451612903225806	0.7258064516129032	0.6612903225806451	0.7258064516129032	0.6935483870967742	0.7419354838709677	0.7580645161290323	0.6612903225806451
88	0.9193548387096774	0.7903225806451613	0.7580645161290323	0.7903225806451613	0.7580645161290323	0.6774193548387096	0.8064516129032258	0.7741935483870968	0.8709677419354839	0.6290322580645161
89	0.7258064516129032	0.7258064516129032	0.7419354838709677	0.6612903225806451	0.6935483870967742	0.6290322580645161	0.7580645161290323	0.6935483870967742	0.7258064516129032	0.7903225806451613
90	0.8709677419354839	0.7741935483870968	0.6935483870967742	0.7096774193548387	0.7580645161290323	0.7741935483870968	0.7741935483870968	0.7258064516129032	0.8225806451612904	0.6935483870967742
91	0.7741935483870968	0.6451612903225806	0.6129032258064516	0.7903225806451613	0.7580645161290323	0.7419354838709677	0.6129032258064516	0.7903225806451613	0.7580645161290323	0.7258064516129032
92	0.8387096774193549	0.8225806451612904	0.7096774193548387	0.7419354838709677	0.7096774193548387	0.6935483870967742	0.7419354838709677	0.8225806451612904	0.7258064516129032	0.7580645161290323
93	0.8387096774193549	0.7096774193548387	0.6290322580645161	0.7903225806451613	0.7580645161290323	0.8064516129032258	0.7903225806451613	0.6935483870967742	0.6612903225806451	0.7741935483870968
94	0.7419354838709677	0.7903225806451613	0.7741935483870968	0.7580645161290323	0.6774193548387096	0.7580645161290323	0.7096774193548387	0.7419354838709677	0.7580645161290323	0.8064516129032258
95	0.7580645161290323	0.8225806451612904	0.7419354838709677	0.7741935483870968	0.7741935483870968	0.7580645161290323	0.7419354838709677	0.7258064516129032	0.8064516129032258	0.6935483870967742
96	0.8064516129032258	0.6935483870967742	0.6935483870967742	0.6451612903225806	0.8387096774193549	0.6612903225806451	0.7419354838709677	0.8387096774193549	0.7580645161290323	0.8387096774193549
97	0.8225806451612904	0.7258064516129032	0.7258064516129032	0.7419354838709677	0.7419354838709677	0.6935483870967742	0.8225806451612904	0.6774193548387096	0.8387096774193549	0.6612903225806451
98	0.6935483870967742	0.7903225806451613	0.6935483870967742	0.7580645161290323	0.7096774193548387	0.7096774193548387	0.8548387096774194	0.8225806451612904	0.6774193548387096	0.7258064516129032
99	0.7419354838709677	0.6774193548387096	0.7419354838709677	0.7096774193548387	0.7419354838709677	0.6774193548387096	0.8064516129032258	0.6935483870967742	0.7741935483870968	0.7580645161290323
