	k=2	k=15	k=29	k=42	k=56	k=69	k=83	k=96	k=110	k=124
0	0.7948717948717948	0.8974358974358975	0.9487179487179487	1.0	0.9487179487179487	1.0	0.8974358974358975	0.9743589743589743	0.9230769230769231	0.9487179487179487
1	0.8974358974358975	0.8205128205128205	0.9487179487179487	0.9230769230769231	0.9230769230769231	0.9743589743589743	0.9487179487179487	0.9743589743589743	0.9743589743589743	0.9743589743589743
2	0.8461538461538461	0.7435897435897436	0.8461538461538461	0.9230769230769231	0.9743589743589743	0.9487179487179487	0.9230769230769231	0.8717948717948718	0.8461538461538461	0.9487179487179487
3	0.8461538461538461	0.8717948717948718	0.8974358974358975	0.9487179487179487	0.9230769230769231	0.8974358974358975	0.9487179487179487	0.9743589743589743	0.9743589743589743	0.9743589743589743
4	0.7948717948717948	0.8461538461538461	0.9487179487179487	0.8717948717948718	0.9487179487179487	0.8974358974358975	0.9743589743589743	0.9230769230769231	0.9743589743589743	0.9487179487179487
5	0.8974358974358975	0.9487179487179487	0.9230769230769231	0.9230769230769231	0.8461538461538461	1.0	0.9230769230769231	0.8205128205128205	0.9743589743589743	0.9743589743589743
6	0.7692307692307693	0.9230769230769231	0.8461538461538461	1.0	0.8974358974358975	0.9743589743589743	1.0	0.8461538461538461	0.8461538461538461	1.0
7	0.8717948717948718	0.7948717948717948	0.8974358974358975	0.8205128205128205	0.9487179487179487	0.9487179487179487	0.9743589743589743	0.9487179487179487	0.9487179487179487	0.9487179487179487
8	0.8461538461538461	0.8974358974358975	0.9230769230769231	0.8974358974358975	0.8974358974358975	0.8974358974358975	0.9487179487179487	0.9230769230769231	0.9230769230769231	0.9743589743589743
9	0.8205128205128205	0.9487179487179487	0.8205128205128205	0.9487179487179487	0.9230769230769231	0.8717948717948718	0.9487179487179487	0.9230769230769231	0.9743589743589743	0.9230769230769231
10	0.8974358974358975	0.8461538461538461	0.8974358974358975	0.8461538461538461	0.9487179487179487	0.9230769230769231	1.0	1.0	0.9743589743589743	0.9230769230769231
11	0.8974358974358975	0.7948717948717948	0.9230769230769231	0.9487179487179487	0.9487179487179487	0.9743589743589743	1.0	0.9487179487179487	0.8974358974358975	1.0
12	0.8205128205128205	0.9230769230769231	0.9230769230769231	0.9743589743589743	1.0	0.9487179487179487	0.9230769230769231	0.9487179487179487	0.9487179487179487	0.9487179487179487
13	0.8205128205128205	0.7948717948717948	0.9487179487179487	0.9487179487179487	0.8974358974358975	0.8974358974358975	1.0	0.9487179487179487	0.9743589743589743	0.9487179487179487
14	0.8461538461538461	0.8205128205128205	0.9230769230769231	0.8461538461538461	0.9230769230769231	0.9743589743589743	0.8205128205128205	0.8974358974358975	0.9487179487179487	0.8974358974358975
15	0.8974358974358975	0.9743589743589743	0.8717948717948718	0.9487179487179487	0.9743589743589743	0.9487179487179487	0.9487179487179487	0.9230769230769231	0.8974358974358975	1.0
16	0.8717948717948718	0.8205128205128205	0.9230769230769231	0.8974358974358975	1.0	0.8974358974358975	1.0	0.9743589743589743	0.8974358974358975	0.9230769230769231
17	0.8461538461538461	0.8205128205128205	0.8974358974358975	0.9230769230769231	0.9230769230769231	0.8717948717948718	0.8974358974358975	0.8974358974358975	0.9230769230769231	1.0
18	0.7692307692307693	0.7435897435897436	0.9487179487179487	0.9743589743589743	0.9487179487179487	0.8974358974358975	1.0	0.8717948717948718	0.9487179487179487	0.9743589743589743
19	0.8205128205128205	0.8461538461538461	0.8717948717948718	0.9743589743589743	0.9487179487179487	0.9230769230769231	0.9487179487179487	0.9487179487179487	0.8974358974358975	0.9487179487179487
20	0.8717948717948718	0.8974358974358975	0.8717948717948718	0.9230769230769231	0.8461538461538461	0.8717948717948718	0.8974358974358975	0.8974358974358975	0.9487179487179487	0.9230769230769231
21	0.9230769230769231	0.7948717948717948	0.9487179487179487	0.9487179487179487	0.9230769230769231	0.9230769230769231	0.9230769230769231	0.9743589743589743	1.0	0.8974358974358975
22	0.8461538461538461	0.8461538461538461	0.8974358974358975	0.9487179487179487	0.9487179487179487	0.8717948717948718	0.9487179487179487	0.9743589743589743	0.9487179487179487	0.9230769230769231
23	0.8974358974358975	0.8461538461538461	0.8974358974358975	0.9743589743589743	0.8717948717948718	0.9487179487179487	0.9230769230769231	0.9743589743589743	0.9487179487179487	0.9487179487179487
24	0.9230769230769231	0.8461538461538461	0.9230769230769231	0.7948717948717948	0.8974358974358975	0.8717948717948718	0.9230769230769231	0.9487179487179487	0.9487179487179487	0.9487179487179487
25	0.8205128205128205	0.8974358974358975	0.9487179487179487	0.9487179487179487	0.9487179487179487	0.8974358974358975	0.9743589743589743	0.8974358974358975	0.9487179487179487	1.0
26	0.8974358974358975	0.7948717948717948	0.8461538461538461	0.9230769230769231	0.9230769230769231	0.9487179487179487	0.9743589743589743	0.8974358974358975	0.9743589743589743	0.9487179487179487
27	0.8974358974358975	0.8205128205128205	0.8205128205128205	0.8974358974358975	0.9743589743589743	0.9743589743589743	0.9230769230769231	0.9487179487179487	0.9743589743589743	1.0
28	0.8717948717948718	0.8974358974358975	0.9230769230769231	0.9487179487179487	1.0	0.9487179487179487	0.9230769230769231	0.9230769230769231	0.9743589743589743	0.8717948717948718
29	0.8974358974358975	0.8717948717948718	0.8461538461538461	0.9487179487179487	0.9743589743589743	0.9487179487179487	0.8974358974358975	0.9230769230769231	0.9230769230769231	0.9743589743589743
30	0.7948717948717948	0.8974358974358975	0.9487179487179487	0.9487179487179487	1.0	0.9487179487179487	0.8717948717948718	0.9487179487179487	0.9487179487179487	0.9230769230769231
31	0.8974358974358975	0.7435897435897436	0.9230769230769231	0.9487179487179487	0.9230769230769231	0.9743589743589743	0.9487179487179487	1.0	0.9743589743589743	0.9230769230769231
32	0.7948717948717948	0.8974358974358975	0.9743589743589743	0.9487179487179487	0.9487179487179487	0.9743589743589743	0.9487179487179487	0.8974358974358975	0.9230769230769231	0.9487179487179487
33	0.8717948717948718	0.8974358974358975	0.9487179487179487	0.9230769230769231	0.9487179487179487	0.9230769230769231	0.8974358974358975	0.8974358974358975	0.9743589743589743	0.9230769230769231
34	0.9230769230769231	0.9230769230769231	0.9230769230769231	0.9487179487179487	0.8717948717948718	0.8461538461538461	0.9743589743589743	0.9743589743589743	0.9743589743589743	0.9743589743589743
35	0.8205128205128205	0.8974358974358975	0.9230769230769231	0.9487179487179487	0.9487179487179487	0.9743589743589743	0.9743589743589743	0.9487179487179487	0.9743589743589743	0.9487179487179487
36	0.8205128205128205	0.7435897435897436	0.8974358974358975	0.9230769230769231	0.8974358974358975	0.8974358974358975	0.9487179487179487	1.0	0.8205128205128205	0.9487179487179487
37	0.7948717948717948	0.6923076923076923	0.9743589743589743	0.9230769230769231	0.9487179487179487	0.9230769230769231	0.9487179487179487	0.9230769230769231	0.9230769230769231	0.9743589743589743
38	0.9487179487179487	0.8205128205128205	0.8974358974358975	0.9487179487179487	0.8974358974358975	0.9487179487179487	0.8717948717948718	0.9743589743589743	0.9743589743589743	0.9743589743589743
39	0.7692307692307693	0.9487179487179487	0.9487179487179487	0.9230769230769231	0.9487179487179487	0.8974358974358975	0.8717948717948718	0.9487179487179487	0.9743589743589743	0.9743589743589743
40	0.8461538461538461	0.8974358974358975	0.9487179487179487	1.0	0.8974358974358975	0.8974358974358975	0.9487179487179487	0.9487179487179487	0.9743589743589743	0.9230769230769231
41	0.8717948717948718	0.8717948717948718	0.8461538461538461	0.9230769230769231	0.9487179487179487	0.9743589743589743	0.9743589743589743	0.8974358974358975	0.9487179487179487	0.9743589743589743
42	0.8461538461538461	0.8974358974358975	0.8461538461538461	1.0	0.8717948717948718	0.8717948717948718	0.9230769230769231	0.9743589743589743	0.8974358974358975	0.9230769230769231
43	0.8974358974358975	0.9487179487179487	0.8461538461538461	0.9743589743589743	0.9487179487179487	0.9487179487179487	0.9487179487179487	0.8461538461538461	0.8974358974358975	0.9743589743589743
44	0.8205128205128205	0.8717948717948718	0.8717948717948718	0.9487179487179487	1.0	0.8974358974358975	0.9487179487179487	0.9230769230769231	0.9230769230769231	0.9230769230769231
45	0.8461538461538461	0.8974358974358975	0.8717948717948718	0.9487179487179487	0.9487179487179487	0.8974358974358975	0.9230769230769231	0.9743589743589743	0.9743589743589743	0.9487179487179487
46	0.8717948717948718	0.8461538461538461	0.8717948717948718	0.8974358974358975	0.9487179487179487	0.9487179487179487	0.9487179487179487	0.9487179487179487	0.9487179487179487	0.9743589743589743
47	0.9230769230769231	0.8717948717948718	0.9487179487179487	1.0	0.8717948717948718	0.8717948717948718	0.9487179487179487	0.9487179487179487	0.9487179487179487	0.9487179487179487
48	0.7948717948717948	0.9743589743589743	0.8974358974358975	0.9230769230769231	0.9487179487179487	1.0	0.9230769230769231	0.9743589743589743	0.9487179487179487	1.0
49	0.8717948717948718	0.8974358974358975	1.0	0.9487179487179487	1.0	0.9230769230769231	0.9487179487179487	0.9487179487179487	0.9743589743589743	0.9230769230769231
50	0.8717948717948718	1.0	0.9487179487179487	0.9230769230769231	0.9230769230769231	0.9743589743589743	0.9743589743589743	0.8974358974358975	1.0	0.9487179487179487
51	0.8205128205128205	0.8717948717948718	0.8974358974358975	0.8974358974358975	0.9743589743589743	0.9230769230769231	0.8717948717948718	1.0	0.9743589743589743	0.9487179487179487
52	0.8205128205128205	0.8974358974358975	0.8974358974358975	0.9743589743589743	0.9230769230769231	0.9743589743589743	0.9487179487179487	1.0	0.9487179487179487	0.9230769230769231
53	0.8717948717948718	0.9487179487179487	0.9487179487179487	0.9743589743589743	0.8974358974358975	0.9743589743589743	0.9230769230769231	1.0	0.8974358974358975	0.9230769230769231
54	0.9230769230769231	0.8461538461538461	0.9230769230769231	0.8717948717948718	0.8974358974358975	0.9230769230769231	0.9230769230769231	0.9487179487179487	0.9230769230769231	0.9487179487179487
55	0.8461538461538461	0.8205128205128205	0.8717948717948718	0.9487179487179487	0.8717948717948718	0.9743589743589743	0.9230769230769231	0.9230769230769231	0.9487179487179487	0.9487179487179487
56	0.7948717948717948	0.8205128205128205	0.8974358974358975	0.8461538461538461	0.9487179487179487	0.9487179487179487	0.9230769230769231	0.8461538461538461	0.8974358974358975	0.8717948717948718
57	0.8717948717948718	0.8205128205128205	0.9487179487179487	0.9487179487179487	0.9743589743589743	0.8974358974358975	0.9743589743589743	0.8717948717948718	0.9230769230769231	0.9743589743589743
58	0.7692307692307693	0.7692307692307693	0.8974358974358975	0.9487179487179487	0.9230769230769231	0.9743589743589743	0.9743589743589743	0.9230769230769231	0.9743589743589743	0.9487179487179487
59	0.9230769230769231	0.8974358974358975	0.9743589743589743	1.0	0.9487179487179487	0.8717948717948718	0.9743589743589743	0.8974358974358975	1.0	0.9743589743589743
60	0.8717948717948718	0.8461538461538461	0.9487179487179487	0.8974358974358975	0.9487179487179487	0.9487179487179487	0.9487179487179487	0.8974358974358975	0.8974358974358975	0.9487179487179487
61	0.8974358974358975	0.8717948717948718	0.8974358974358975	0.9230769230769231	0.8461538461538461	0.8717948717948718	0.9487179487179487	0.9487179487179487	0.9487179487179487	0.9487179487179487
62	0.8461538461538461	0.8974358974358975	0.9230769230769231	0.8717948717948718	0.9230769230769231	0.9487179487179487	0.9230769230769231	0.9230769230769231	1.0	0.9230769230769231
63	0.9487179487179487	0.8717948717948718	0.8717948717948718	0.8461538461538461	0.8974358974358975	0.9487179487179487	0.9487179487179487	0.8974358974358975	0.8461538461538461	0.9487179487179487
64	0.8717948717948718	0.9487179487179487	0.8974358974358975	0.8717948717948718	0.9230769230769231	0.9487179487179487	0.8717948717948718	0.9230769230769231	0.9487179487179487	0.9487179487179487
65	0.9230769230769231	0.8461538461538461	0.9230769230769231	0.9230769230769231	0.9743589743589743	0.9487179487179487	0.9743589743589743	0.8974358974358975	0.8974358974358975	0.8974358974358975
66	0.8461538461538461	0.7435897435897436	0.9743589743589743	0.9487179487179487	0.9487179487179487	0.8717948717948718	0.9230769230769231	0.8974358974358975	0.9230769230769231	0.9743589743589743
67	0.8974358974358975	0.8974358974358975	0.8974358974358975	0.8974358974358975	0.9230769230769231	0.9230769230769231	0.9230769230769231	1.0	1.0	0.9743589743589743
68	0.9230769230769231	0.7692307692307693	0.9487179487179487	0.9230769230769231	0.9487179487179487	0.9743589743589743	0.8717948717948718	0.9743589743589743	0.9230769230769231	0.9743589743589743
69	0.7948717948717948	0.8717948717948718	0.8974358974358975	0.9743589743589743	0.8717948717948718	0.9230769230769231	0.9743589743589743	0.9230769230769231	0.9743589743589743	0.9230769230769231
70	0.8974358974358975	0.8205128205128205	0.8717948717948718	0.9230769230769231	0.9487179487179487	0.9743589743589743	0.9487179487179487	1.0	0.9487179487179487	0.9230769230769231
71	0.8205128205128205	0.8461538461538461	0.9230769230769231	0.9487179487179487	1.0	0.9487179487179487	0.8974358974358975	0.9230769230769231	0.9743589743589743	0.9487179487179487
72	0.7692307692307693	0.8205128205128205	0.8974358974358975	0.9487179487179487	0.9487179487179487	0.9487179487179487	0.8717948717948718	0.9743589743589743	0.9230769230769231	0.8974358974358975
73	0.8974358974358975	0.7948717948717948	0.8974358974358975	0.9487179487179487	0.8461538461538461	0.9230769230769231	0.9230769230769231	0.8974358974358975	0.9743589743589743	0.9487179487179487
74	0.8974358974358975	0.9230769230769231	0.9487179487179487	0.8717948717948718	0.9743589743589743	0.9487179487179487	0.9487179487179487	0.9487179487179487	0.9487179487179487	0.9743589743589743
75	0.8461538461538461	0.9230769230769231	0.8461538461538461	0.9230769230769231	1.0	0.9487179487179487	0.9230769230769231	1.0	0.9743589743589743	0.8974358974358975
76	0.8205128205128205	0.8205128205128205	0.9487179487179487	0.9230769230769231	0.9487179487179487	0.8461538461538461	0.9487179487179487	0.9743589743589743	0.9743589743589743	0.8974358974358975
77	0.8974358974358975	0.8205128205128205	0.9487179487179487	0.8461538461538461	0.9487179487179487	0.9487179487179487	0.9487179487179487	0.9743589743589743	1.0	0.8974358974358975
78	0.7948717948717948	0.9230769230769231	0.8974358974358975	0.9743589743589743	0.9230769230769231	0.9487179487179487	0.8717948717948718	0.9743589743589743	0.9487179487179487	0.9230769230769231
79	0.7948717948717948	0.8205128205128205	0.9487179487179487	0.9230769230769231	0.9487179487179487	1.0	1.0	0.8461538461538461	1.0	0.9230769230769231
80	0.7948717948717948	0.8205128205128205	0.8974358974358975	0.8974358974358975	0.9487179487179487	0.9487179487179487	0.8717948717948718	0.9230769230769231	0.9487179487179487	0.9743589743589743
81	0.8717948717948718	0.8461538461538461	0.8717948717948718	0.9487179487179487	0.9230769230769231	0.8717948717948718	0.9487179487179487	0.9230769230769231	0.9743589743589743	0.9743589743589743
82	0.8205128205128205	0.7948717948717948	0.8974358974358975	0.8974358974358975	0.9487179487179487	0.9743589743589743	0.9487179487179487	0.9743589743589743	0.9230769230769231	0.9743589743589743
83	0.7692307692307693	0.8205128205128205	0.8974358974358975	0.9230769230769231	0.8974358974358975	0.8974358974358975	0.8717948717948718	0.8974358974358975	0.9487179487179487	0.9487179487179487
84	0.8974358974358975	0.8461538461538461	0.8717948717948718	0.9487179487179487	0.9487179487179487	0.9487179487179487	0.9230769230769231	0.9487179487179487	0.9743589743589743	0.9743589743589743
85	0.8205128205128205	0.7692307692307693	0.8461538461538461	0.9487179487179487	0.9487179487179487	0.9230769230769231	0.9230769230769231	0.8974358974358975	0.9743589743589743	0.8717948717948718
86	0.7435897435897436	0.8717948717948718	0.9487179487179487	0.8974358974358975	0.8717948717948718	0.9487179487179487	0.9487179487179487	0.9230769230769231	0.9743589743589743	0.9487179487179487
87	0.8461538461538461	0.8974358974358975	0.8974358974358975	0.8717948717948718	0.9230769230769231	0.9230769230769231	0.8974358974358975	0.9230769230769231	0.9487179487179487	0.9743589743589743
88	0.8461538461538461	0.8974358974358975	0.7948717948717948	0.8974358974358975	0.9230769230769231	0.9487179487179487	0.9743589743589743	0.9743589743589743	0.8974358974358975	0.9743589743589743
89	0.8205128205128205	0.8974358974358975	0.9487179487179487	0.7948717948717948	0.9487179487179487	0.9230769230769231	0.8717948717948718	0.8974358974358975	0.8717948717948718	0.9743589743589743
90	0.8974358974358975	0.7948717948717948	0.9230769230769231	0.8205128205128205	0.9487179487179487	0.8974358974358975	0.9230769230769231	0.8974358974358975	0.9487179487179487	1.0
91	0.8461538461538461	0.7692307692307693	0.8461538461538461	0.8974358974358975	0.9230769230769231	0.9230769230769231	0.9487179487179487	0.8974358974358975	0.9743589743589743	1.0
92	0.8461538461538461	0.8717948717948718	0.9230769230769231	0.9230769230769231	0.8974358974358975	0.9230769230769231	0.8717948717948718	0.8461538461538461	0.9743589743589743	0.9743589743589743
93	0.8205128205128205	0.9230769230769231	0.9487179487179487	0.8717948717948718	1.0	0.8717948717948718	0.9487179487179487	0.9487179487179487	0.9487179487179487	0.8717948717948718
94	0.8717948717948718	0.8205128205128205	0.8974358974358975	0.8974358974358975	0.9230769230769231	0.9743589743589743	0.8717948717948718	0.9487179487179487	0.8717948717948718	0.9487179487179487
95	0.8461538461538461	0.8974358974358975	0.8461538461538461	0.9487179487179487	0.9487179487179487	0.8974358974358975	0.9487179487179487	0.8974358974358975	0.9487179487179487	0.9743589743589743
96	0.8461538461538461	0.8205128205128205	0.9487179487179487	0.9230769230769231	0.9230769230769231	0.9230769230769231	0.9487179487179487	1.0	0.9487179487179487	0.9743589743589743
97	0.7948717948717948	0.8717948717948718	0.9487179487179487	1.0	0.9487179487179487	0.9743589743589743	0.9487179487179487	0.9487179487179487	1.0	0.9487179487179487
98	0.9230769230769231	0.8461538461538461	0.9230769230769231	0.9487179487179487	0.9487179487179487	0.9743589743589743	0.9487179487179487	0.9487179487179487	0.9743589743589743	0.9230769230769231
99	0.8717948717948718	0.8717948717948718	0.9230769230769231	0.8717948717948718	0.9743589743589743	0.8974358974358975	0.9743589743589743	0.9743589743589743	0.9743589743589743	1.0
