	k=2	k=23	k=45	k=67	k=89	k=110	k=132	k=154	k=176	k=198
0	0.7903225806451613	0.8064516129032258	0.7580645161290323	0.6935483870967742	0.6612903225806451	0.8387096774193549	0.7258064516129032	0.7419354838709677	0.8387096774193549	0.7741935483870968
1	0.8387096774193549	0.7580645161290323	0.7258064516129032	0.7419354838709677	0.7741935483870968	0.8225806451612904	0.8064516129032258	0.6935483870967742	0.7419354838709677	0.7419354838709677
2	0.7580645161290323	0.8387096774193549	0.7419354838709677	0.7903225806451613	0.7580645161290323	0.8225806451612904	0.7419354838709677	0.7096774193548387	0.7903225806451613	0.8064516129032258
3	0.8548387096774194	0.7903225806451613	0.8225806451612904	0.8064516129032258	0.6935483870967742	0.8548387096774194	0.8709677419354839	0.7903225806451613	0.7419354838709677	0.8548387096774194
4	0.8709677419354839	0.8225806451612904	0.7419354838709677	0.7580645161290323	0.8225806451612904	0.8387096774193549	0.7741935483870968	0.8709677419354839	0.7580645161290323	0.7419354838709677
5	0.7903225806451613	0.7903225806451613	0.6612903225806451	0.7741935483870968	0.8064516129032258	0.6290322580645161	0.7419354838709677	0.7741935483870968	0.7903225806451613	0.7580645161290323
6	0.8870967741935484	0.7419354838709677	0.7419354838709677	0.8387096774193549	0.7419354838709677	0.7903225806451613	0.8225806451612904	0.8709677419354839	0.8548387096774194	0.8064516129032258
7	0.7741935483870968	0.7258064516129032	0.8064516129032258	0.7419354838709677	0.6774193548387096	0.7741935483870968	0.6774193548387096	0.7419354838709677	0.8709677419354839	0.8225806451612904
8	0.8709677419354839	0.7741935483870968	0.6774193548387096	0.6612903225806451	0.7096774193548387	0.7419354838709677	0.7741935483870968	0.6774193548387096	0.7741935483870968	0.7096774193548387
9	0.8548387096774194	0.7580645161290323	0.8225806451612904	0.7258064516129032	0.7741935483870968	0.7580645161290323	0.7903225806451613	0.7580645161290323	0.8225806451612904	0.8387096774193549
10	0.9032258064516129	0.8387096774193549	0.6774193548387096	0.8709677419354839	0.6612903225806451	0.6935483870967742	0.6935483870967742	0.8387096774193549	0.7741935483870968	0.8225806451612904
11	0.8225806451612904	0.8225806451612904	0.6290322580645161	0.7741935483870968	0.7419354838709677	0.7741935483870968	0.7419354838709677	0.8387096774193549	0.6774193548387096	0.7903225806451613
12	0.8709677419354839	0.7903225806451613	0.7903225806451613	0.8225806451612904	0.7419354838709677	0.7419354838709677	0.7419354838709677	0.6935483870967742	0.7419354838709677	0.7741935483870968
13	0.8709677419354839	0.7258064516129032	0.7580645161290323	0.7903225806451613	0.7258064516129032	0.6935483870967742	0.8225806451612904	0.7903225806451613	0.7741935483870968	0.8387096774193549
14	0.8870967741935484	0.8064516129032258	0.6935483870967742	0.8387096774193549	0.7741935483870968	0.7903225806451613	0.7258064516129032	0.8709677419354839	0.8709677419354839	0.9032258064516129
15	0.8225806451612904	0.8064516129032258	0.7903225806451613	0.8548387096774194	0.8548387096774194	0.8387096774193549	0.7741935483870968	0.6774193548387096	0.8387096774193549	0.7419354838709677
16	0.8548387096774194	0.8548387096774194	0.7741935483870968	0.5967741935483871	0.7741935483870968	0.7096774193548387	0.7580645161290323	0.7419354838709677	0.8709677419354839	0.8064516129032258
17	0.8709677419354839	0.8225806451612904	0.7741935483870968	0.7580645161290323	0.7258064516129032	0.8387096774193549	0.7580645161290323	0.7580645161290323	0.7580645161290323	0.7741935483870968
18	0.8870967741935484	0.7580645161290323	0.7419354838709677	0.7419354838709677	0.7580645161290323	0.7258064516129032	0.8064516129032258	0.8548387096774194	0.8064516129032258	0.7096774193548387
19	0.7741935483870968	0.7903225806451613	0.8548387096774194	0.7258064516129032	0.6774193548387096	0.8709677419354839	0.7580645161290323	0.7580645161290323	0.7580645161290323	0.8064516129032258
20	0.8064516129032258	0.7903225806451613	0.7419354838709677	0.7580645161290323	0.6935483870967742	0.8225806451612904	0.7258064516129032	0.6935483870967742	0.7741935483870968	0.7096774193548387
21	0.8387096774193549	0.7903225806451613	0.8064516129032258	0.7741935483870968	0.6451612903225806	0.8548387096774194	0.8064516129032258	0.8387096774193549	0.8548387096774194	0.7258064516129032
22	0.8387096774193549	0.7741935483870968	0.8387096774193549	0.7741935483870968	0.8548387096774194	0.8387096774193549	0.8225806451612904	0.7258064516129032	0.7741935483870968	0.8709677419354839
23	0.8709677419354839	0.8870967741935484	0.7580645161290323	0.8387096774193549	0.7903225806451613	0.8064516129032258	0.8064516129032258	0.8225806451612904	0.7580645161290323	0.8548387096774194
24	0.8709677419354839	0.8225806451612904	0.7258064516129032	0.7741935483870968	0.7580645161290323	0.6935483870967742	0.7419354838709677	0.7903225806451613	0.7903225806451613	0.7903225806451613
25	0.7741935483870968	0.7741935483870968	0.6774193548387096	0.7741935483870968	0.7419354838709677	0.8387096774193549	0.7580645161290323	0.7580645161290323	0.8548387096774194	0.8064516129032258
26	0.8709677419354839	0.7580645161290323	0.7096774193548387	0.6774193548387096	0.7580645161290323	0.7580645161290323	0.7580645161290323	0.8709677419354839	0.6612903225806451	0.8225806451612904
27	0.8064516129032258	0.8387096774193549	0.8548387096774194	0.7741935483870968	0.7741935483870968	0.7903225806451613	0.8064516129032258	0.7903225806451613	0.7903225806451613	0.8548387096774194
28	0.7741935483870968	0.8064516129032258	0.8064516129032258	0.8225806451612904	0.7096774193548387	0.7258064516129032	0.8709677419354839	0.9193548387096774	0.8064516129032258	0.7419354838709677
29	0.7903225806451613	0.8870967741935484	0.6774193548387096	0.7580645161290323	0.7741935483870968	0.7258064516129032	0.6774193548387096	0.8709677419354839	0.8064516129032258	0.7903225806451613
30	0.8225806451612904	0.8064516129032258	0.7419354838709677	0.9032258064516129	0.8064516129032258	0.8548387096774194	0.7741935483870968	0.8387096774193549	0.8548387096774194	0.7419354838709677
31	0.8870967741935484	0.8064516129032258	0.7580645161290323	0.8225806451612904	0.7903225806451613	0.7258064516129032	0.7258064516129032	0.8064516129032258	0.7741935483870968	0.8709677419354839
32	0.8387096774193549	0.7096774193548387	0.7903225806451613	0.6935483870967742	0.9032258064516129	0.8548387096774194	0.7580645161290323	0.7096774193548387	0.7741935483870968	0.8064516129032258
33	0.8870967741935484	0.7580645161290323	0.7580645161290323	0.7741935483870968	0.7096774193548387	0.7580645161290323	0.8225806451612904	0.8064516129032258	0.7741935483870968	0.8225806451612904
34	0.8709677419354839	0.7096774193548387	0.7419354838709677	0.7258064516129032	0.6935483870967742	0.8064516129032258	0.8225806451612904	0.8548387096774194	0.7741935483870968	0.7741935483870968
35	0.7580645161290323	0.6290322580645161	0.6935483870967742	0.6935483870967742	0.8064516129032258	0.8064516129032258	0.7580645161290323	0.8225806451612904	0.8064516129032258	0.8225806451612904
36	0.7903225806451613	0.8064516129032258	0.7419354838709677	0.7096774193548387	0.7741935483870968	0.7419354838709677	0.8064516129032258	0.7741935483870968	0.8225806451612904	0.7741935483870968
37	0.8225806451612904	0.7580645161290323	0.8387096774193549	0.7419354838709677	0.7419354838709677	0.7419354838709677	0.7903225806451613	0.7419354838709677	0.7903225806451613	0.8225806451612904
38	0.8709677419354839	0.8225806451612904	0.6451612903225806	0.7258064516129032	0.7096774193548387	0.7741935483870968	0.7580645161290323	0.6290322580645161	0.8064516129032258	0.8225806451612904
39	0.7580645161290323	0.7741935483870968	0.7258064516129032	0.8064516129032258	0.7096774193548387	0.6935483870967742	0.8064516129032258	0.7419354838709677	0.6290322580645161	0.7903225806451613
40	0.8709677419354839	0.7580645161290323	0.8387096774193549	0.7419354838709677	0.7258064516129032	0.7419354838709677	0.7419354838709677	0.7096774193548387	0.7580645161290323	0.7580645161290323
41	0.8064516129032258	0.8064516129032258	0.7741935483870968	0.7419354838709677	0.7580645161290323	0.7741935483870968	0.7580645161290323	0.7903225806451613	0.8709677419354839	0.7419354838709677
42	0.8548387096774194	0.7580645161290323	0.7419354838709677	0.6129032258064516	0.7580645161290323	0.6774193548387096	0.7741935483870968	0.7903225806451613	0.8064516129032258	0.8064516129032258
43	0.8548387096774194	0.8387096774193549	0.8225806451612904	0.8548387096774194	0.6774193548387096	0.7258064516129032	0.7903225806451613	0.6935483870967742	0.8387096774193549	0.8064516129032258
44	0.8548387096774194	0.8387096774193549	0.6612903225806451	0.8709677419354839	0.7096774193548387	0.7903225806451613	0.7580645161290323	0.7741935483870968	0.7258064516129032	0.8387096774193549
45	0.8387096774193549	0.7580645161290323	0.7580645161290323	0.7580645161290323	0.8225806451612904	0.8064516129032258	0.7741935483870968	0.7903225806451613	0.7741935483870968	0.8548387096774194
46	0.8387096774193549	0.6774193548387096	0.7419354838709677	0.7741935483870968	0.7741935483870968	0.6290322580645161	0.7096774193548387	0.8064516129032258	0.8225806451612904	0.7903225806451613
47	0.8387096774193549	0.7741935483870968	0.7419354838709677	0.8225806451612904	0.7419354838709677	0.7258064516129032	0.8387096774193549	0.7741935483870968	0.7419354838709677	0.8548387096774194
48	0.8548387096774194	0.7741935483870968	0.6612903225806451	0.7903225806451613	0.7419354838709677	0.8387096774193549	0.6774193548387096	0.7903225806451613	0.8870967741935484	0.7903225806451613
49	0.8064516129032258	0.7580645161290323	0.7258064516129032	0.7419354838709677	0.7903225806451613	0.8387096774193549	0.7903225806451613	0.6290322580645161	0.8225806451612904	0.8064516129032258
50	0.8225806451612904	0.8709677419354839	0.8225806451612904	0.8225806451612904	0.6774193548387096	0.7419354838709677	0.7258064516129032	0.7580645161290323	0.6935483870967742	0.8064516129032258
51	0.7903225806451613	0.7741935483870968	0.8387096774193549	0.7258064516129032	0.7903225806451613	0.6935483870967742	0.7419354838709677	0.6612903225806451	0.7580645161290323	0.7580645161290323
52	0.8225806451612904	0.8387096774193549	0.7258064516129032	0.8064516129032258	0.7580645161290323	0.7741935483870968	0.8387096774193549	0.6935483870967742	0.8548387096774194	0.8387096774193549
53	0.8387096774193549	0.8548387096774194	0.7419354838709677	0.6935483870967742	0.8064516129032258	0.7096774193548387	0.7903225806451613	0.7741935483870968	0.7741935483870968	0.8064516129032258
54	0.8548387096774194	0.8387096774193549	0.7580645161290323	0.7419354838709677	0.6935483870967742	0.7741935483870968	0.7580645161290323	0.8225806451612904	0.7903225806451613	0.8064516129032258
55	0.8225806451612904	0.9354838709677419	0.7741935483870968	0.7741935483870968	0.6774193548387096	0.7741935483870968	0.7096774193548387	0.7741935483870968	0.8870967741935484	0.8387096774193549
56	0.8064516129032258	0.7903225806451613	0.6129032258064516	0.6935483870967742	0.7258064516129032	0.6451612903225806	0.7258064516129032	0.7096774193548387	0.7096774193548387	0.8225806451612904
57	0.8548387096774194	0.7741935483870968	0.7741935483870968	0.7096774193548387	0.8064516129032258	0.7580645161290323	0.8225806451612904	0.8064516129032258	0.7580645161290323	0.8225806451612904
58	0.8709677419354839	0.7903225806451613	0.7580645161290323	0.7580645161290323	0.7258064516129032	0.8387096774193549	0.8870967741935484	0.7741935483870968	0.8064516129032258	0.8387096774193549
59	0.9032258064516129	0.7258064516129032	0.7258064516129032	0.6774193548387096	0.7580645161290323	0.8225806451612904	0.7096774193548387	0.6774193548387096	0.8548387096774194	0.8225806451612904
60	0.8064516129032258	0.7580645161290323	0.6612903225806451	0.8225806451612904	0.7741935483870968	0.7580645161290323	0.7903225806451613	0.7258064516129032	0.7741935483870968	0.7741935483870968
61	0.8225806451612904	0.6935483870967742	0.7258064516129032	0.8064516129032258	0.7096774193548387	0.8064516129032258	0.7741935483870968	0.7741935483870968	0.9032258064516129	0.8709677419354839
62	0.8870967741935484	0.8064516129032258	0.7258064516129032	0.7580645161290323	0.8387096774193549	0.7580645161290323	0.8064516129032258	0.8548387096774194	0.8064516129032258	0.8225806451612904
63	0.8225806451612904	0.7903225806451613	0.7096774193548387	0.7741935483870968	0.7903225806451613	0.8064516129032258	0.8387096774193549	0.7096774193548387	0.8870967741935484	0.7903225806451613
64	0.8548387096774194	0.6935483870967742	0.7096774193548387	0.7580645161290323	0.7096774193548387	0.7580645161290323	0.8709677419354839	0.6935483870967742	0.7903225806451613	0.7580645161290323
65	0.8548387096774194	0.7419354838709677	0.7741935483870968	0.6612903225806451	0.7419354838709677	0.7096774193548387	0.7419354838709677	0.8064516129032258	0.7741935483870968	0.7903225806451613
66	0.8870967741935484	0.8064516129032258	0.7580645161290323	0.7741935483870968	0.7580645161290323	0.7741935483870968	0.7741935483870968	0.7903225806451613	0.8225806451612904	0.7580645161290323
67	0.8225806451612904	0.7419354838709677	0.7741935483870968	0.6612903225806451	0.7741935483870968	0.8870967741935484	0.7741935483870968	0.7903225806451613	0.7096774193548387	0.8064516129032258
68	0.8387096774193549	0.7580645161290323	0.8225806451612904	0.7580645161290323	0.7258064516129032	0.7741935483870968	0.7258064516129032	0.6774193548387096	0.8064516129032258	0.8709677419354839
69	0.8870967741935484	0.7580645161290323	0.7741935483870968	0.8064516129032258	0.7096774193548387	0.7258064516129032	0.7903225806451613	0.8064516129032258	0.6935483870967742	0.8709677419354839
70	0.7741935483870968	0.8064516129032258	0.8548387096774194	0.8387096774193549	0.7419354838709677	0.7741935483870968	0.7096774193548387	0.7741935483870968	0.7741935483870968	0.7903225806451613
71	0.8870967741935484	0.7903225806451613	0.7741935483870968	0.8064516129032258	0.7096774193548387	0.8225806451612904	0.8225806451612904	0.7580645161290323	0.7741935483870968	0.8387096774193549
72	0.8548387096774194	0.8548387096774194	0.8387096774193549	0.7096774193548387	0.7580645161290323	0.7580645161290323	0.7580645161290323	0.7741935483870968	0.8064516129032258	0.7580645161290323
73	0.8225806451612904	0.7903225806451613	0.7580645161290323	0.7580645161290323	0.7580645161290323	0.7903225806451613	0.8225806451612904	0.7419354838709677	0.7419354838709677	0.7903225806451613
74	0.8387096774193549	0.7903225806451613	0.7580645161290323	0.8064516129032258	0.7741935483870968	0.7096774193548387	0.8225806451612904	0.8225806451612904	0.8064516129032258	0.7258064516129032
75	0.8064516129032258	0.7903225806451613	0.7580645161290323	0.7419354838709677	0.7419354838709677	0.8387096774193549	0.7903225806451613	0.8548387096774194	0.7258064516129032	0.7741935483870968
76	0.7580645161290323	0.8387096774193549	0.6612903225806451	0.7580645161290323	0.7741935483870968	0.7419354838709677	0.8064516129032258	0.8064516129032258	0.8225806451612904	0.8225806451612904
77	0.8225806451612904	0.7258064516129032	0.7419354838709677	0.7096774193548387	0.6774193548387096	0.7580645161290323	0.7741935483870968	0.6612903225806451	0.8225806451612904	0.7419354838709677
78	0.8225806451612904	0.8709677419354839	0.7741935483870968	0.7903225806451613	0.7580645161290323	0.8064516129032258	0.7096774193548387	0.8225806451612904	0.6935483870967742	0.7419354838709677
79	0.7096774193548387	0.8064516129032258	0.8225806451612904	0.7580645161290323	0.8387096774193549	0.7258064516129032	0.8870967741935484	0.7580645161290323	0.8225806451612904	0.7419354838709677
80	0.8709677419354839	0.7741935483870968	0.7580645161290323	0.7580645161290323	0.8064516129032258	0.7741935483870968	0.8064516129032258	0.8064516129032258	0.7903225806451613	0.7903225806451613
81	0.8225806451612904	0.7580645161290323	0.7580645161290323	0.7741935483870968	0.6935483870967742	0.7903225806451613	0.7903225806451613	0.7419354838709677	0.8225806451612904	0.8548387096774194
82	0.8064516129032258	0.7258064516129032	0.7419354838709677	0.7741935483870968	0.7741935483870968	0.8064516129032258	0.7258064516129032	0.7903225806451613	0.8709677419354839	0.7258064516129032
83	0.7419354838709677	0.6935483870967742	0.8387096774193549	0.7580645161290323	0.6774193548387096	0.8064516129032258	0.6774193548387096	0.7419354838709677	0.7096774193548387	0.8548387096774194
84	0.8709677419354839	0.8064516129032258	0.7741935483870968	0.7096774193548387	0.7258064516129032	0.8064516129032258	0.7903225806451613	0.6451612903225806	0.8225806451612904	0.8064516129032258
85	0.7741935483870968	0.7419354838709677	0.8387096774193549	0.8225806451612904	0.7741935483870968	0.8387096774193549	0.6774193548387096	0.6612903225806451	0.8064516129032258	0.8064516129032258
86	0.8870967741935484	0.7258064516129032	0.7580645161290323	0.7258064516129032	0.6129032258064516	0.7419354838709677	0.7096774193548387	0.8064516129032258	0.7741935483870968	0.7419354838709677
87	0.8387096774193549	0.8064516129032258	0.7903225806451613	0.7419354838709677	0.6935483870967742	0.7903225806451613	0.7096774193548387	0.7741935483870968	0.7903225806451613	0.7096774193548387
88	0.8709677419354839	0.8064516129032258	0.7096774193548387	0.6612903225806451	0.7903225806451613	0.7419354838709677	0.7419354838709677	0.8064516129032258	0.7741935483870968	0.8225806451612904
89	0.8870967741935484	0.7903225806451613	0.7741935483870968	0.7903225806451613	0.7096774193548387	0.7903225806451613	0.7903225806451613	0.7903225806451613	0.7258064516129032	0.7096774193548387
90	0.8548387096774194	0.8387096774193549	0.8387096774193549	0.7258064516129032	0.7258064516129032	0.8225806451612904	0.7903225806451613	0.7903225806451613	0.7419354838709677	0.7903225806451613
91	0.9032258064516129	0.7580645161290323	0.7419354838709677	0.7258064516129032	0.7096774193548387	0.8387096774193549	0.8870967741935484	0.6612903225806451	0.7419354838709677	0.7903225806451613
92	0.7741935483870968	0.7903225806451613	0.8064516129032258	0.8064516129032258	0.8064516129032258	0.7741935483870968	0.7419354838709677	0.7580645161290323	0.7903225806451613	0.7903225806451613
93	0.8548387096774194	0.8225806451612904	0.7096774193548387	0.8225806451612904	0.6935483870967742	0.7741935483870968	0.8387096774193549	0.7741935483870968	0.8709677419354839	0.7741935483870968
94	0.8709677419354839	0.7903225806451613	0.7580645161290323	0.7096774193548387	0.7903225806451613	0.7741935483870968	0.7741935483870968	0.7903225806451613	0.8225806451612904	0.8548387096774194
95	0.9032258064516129	0.8225806451612904	0.8225806451612904	0.6935483870967742	0.8225806451612904	0.7096774193548387	0.7741935483870968	0.8870967741935484	0.8387096774193549	0.7741935483870968
96	0.8548387096774194	0.8548387096774194	0.7903225806451613	0.7903225806451613	0.7258064516129032	0.7419354838709677	0.7258064516129032	0.7096774193548387	0.7258064516129032	0.8709677419354839
97	0.8387096774193549	0.7903225806451613	0.7903225806451613	0.6774193548387096	0.6935483870967742	0.7903225806451613	0.7580645161290323	0.6774193548387096	0.8225806451612904	0.7903225806451613
98	0.7741935483870968	0.8709677419354839	0.8387096774193549	0.8225806451612904	0.7419354838709677	0.8064516129032258	0.7580645161290323	0.8064516129032258	0.7096774193548387	0.7258064516129032
99	0.8548387096774194	0.6774193548387096	0.7258064516129032	0.7580645161290323	0.7419354838709677	0.8064516129032258	0.7903225806451613	0.8225806451612904	0.8064516129032258	0.7741935483870968
